cmd: ./AtomicOperationAndCache
events: Ir
fl=./csu/../csu/libc-start.c
fn=__libc_start_main@@GLIBC_2.34
128 2
134 3
135 7
138 1
139 2
142 3
143 2
144 16
145 8
242 13
311 3
312 3
337 6
340 2
343 2
350 2
352 2
360 4
fl=./csu/../sysdeps/nptl/libc_start_call_main.h
fn=(below main)
29 9
44 3
46 2
51 2
52 2
55 2
58 6
74 2
fl=./csu/./csu/init-first.c
fn=_init_first
46 6
51 2
55 5
61 1
62 1
63 2
71 2
72 3
fl=./ctype/./ctype/ctype-info.c
fn=__ctype_init
29 17
31 119
33 68
35 68
36 17
fl=./debug/../sysdeps/x86_64/multiarch/ifunc-memmove.h
fn=__memcpy_chk
56 2
57 3
60 3
61 2
74 2
77 2
85 2
93 2
96 5
fn=__memmove_chk
56 2
57 3
60 3
61 2
74 2
77 2
85 2
93 2
96 5
fn=__mempcpy_chk
56 2
57 3
60 3
61 2
74 2
77 2
85 2
93 2
96 5
fl=./debug/../sysdeps/x86_64/multiarch/ifunc-memset.h
fn=__memset_chk
54 5
57 3
58 2
64 2
73 2
75 2
85 2
93 2
96 5
fl=./debug/../sysdeps/x86_64/multiarch/memcpy_chk.c
fn=__memcpy_chk
29 1
fl=./debug/../sysdeps/x86_64/multiarch/memmove_chk.c
fn=__memmove_chk
29 1
fl=./debug/../sysdeps/x86_64/multiarch/mempcpy_chk.c
fn=__mempcpy_chk
29 1
fl=./debug/../sysdeps/x86_64/multiarch/memset_chk.c
fn=__memset_chk
29 1
fl=./dlfcn/./dlfcn/libc_dlerror_result.c
fn=__libc_dlerror_result_free
29 80
30 64
39 48
fl=./elf/../bits/stdlib-bsearch.h
fn=intel_check_word.constprop.0
27 96
28 48
29 744
31 648
32 348
35 264
37 120
fl=./elf/../elf/dl-tls.c
fn=_dl_add_to_slotinfo
1017 27
1023 3
1026 3
1027 3
1031 9
1065 6
1068 6
1069 9
1072 18
fn=_dl_allocate_tls
365 2
369 2
370 2
371 4
374 2
380 6
530 4
531 2
534 4
537 6
549 2
554 46
560 16
563 18
564 12
570 18
571 12
573 32
576 12
577 12
580 12
581 24
583 12
584 12
593 6
603 78
609 18
615 4
618 2
620 2
626 20
627 4
630 16
fn=_dl_allocate_tls_init
523 165
524 30
528 30
531 15
534 30
537 45
549 15
554 405
560 135
563 135
564 90
570 135
571 90
573 360
576 90
577 90
580 90
581 180
583 90
584 90
593 45
601 90
603 450
609 45
615 30
618 30
621 135
fn=_dl_allocate_tls_storage
365 1
369 1
370 1
371 2
374 1
380 2
417 7
419 1
430 1
431 1
432 2
440 6
441 1
445 305
464 1
470 7
fn=_dl_assign_tls_modid
125 12
128 6
141 3
181 3
183 3
186 3
187 6
fn=_dl_count_modids
192 1
194 2
195 1
210 2
fn=_dl_determine_tlsoffset
216 9
217 1
218 1
219 1
222 4
225 2
259 1
261 25
263 9
265 9
266 6
268 6
270 15
281 3
286 24
288 6
289 3
294 3
301 1
302 7
304 2
354 1
355 8
fn=_dl_tls_static_surplus_init
83 3
97 8
100 6
101 5
102 3
104 4
107 1
109 1
111 3
112 6
fl=./elf/../include/list.h
fn=__tls_init_tp
43 2
44 2
45 1
47 1
fl=./elf/../include/rtld-malloc.h
fn=__minimal_calloc
56 17
fn=_dl_allocate_tls
44 4
fn=_dl_allocate_tls_storage
44 2
56 1
fn=_dl_check_map_versions
44 18
fn=_dl_find_object_init
56 2
fn=_dl_important_hwcaps
56 4
fn=_dl_init_paths
56 5
fn=_dl_map_object_deps
56 12
fn=_dl_new_object
44 18
56 15
fn=do_lookup_x
44 13
fn=fillin_rpath.isra.0
50 2
51 1
56 2
fn=init_tls
44 2
fl=./elf/../include/scratch_buffer.h
fn=_dl_map_object_deps
77 2
78 1
85 3
131 20
fl=./elf/../misc/sbrk.c
fn=sbrk
37 6
40 1
58 2
62 2
78 5
fl=./elf/../nptl/nptl-stack.h
fn=__libc_early_init
61 8
fl=./elf/../sysdeps/generic/_itoa.h
fn=_dl_check_map_versions
76 36
fl=./elf/../sysdeps/generic/dl-cache.h
fn=_dl_load_cache_lookup
125 4
194 1
195 5
fl=./elf/../sysdeps/generic/dl-call_tls_init_tp.h
fn=init_tls
31 8
33 1
fl=./elf/../sysdeps/generic/dl-debug.h
fn=dl_main
29 4
30 1
fl=./elf/../sysdeps/generic/dl-hash.h
fn=__rtld_malloc_init_real
43 1
44 1
45 19
48 18
62 24
67 1
72 1
fl=./elf/../sysdeps/generic/dl-new-hash.h
fn=_dl_lookup_symbol_x
69 1905
70 3810
74 41252
77 82504
80 40297
81 80594
87 950
88 950
89 1900
90 950
99 39347
101 39347
102 78694
104 39347
105 39347
fl=./elf/../sysdeps/generic/dl-protected.h
fn=do_lookup_x
29 7556
fl=./elf/../sysdeps/generic/ldsodefs.h
fn=_dl_relocate_object
79 62
140 10311
fn=_dl_start
79 6
fn=do_lookup_x
139 3778
140 5667
fl=./elf/../sysdeps/nptl/dl-mutex.c
fn=__rtld_mutex_init
30 7
37 1
40 7
44 2
45 9
47 6
51 2
52 7
53 6
fl=./elf/../sysdeps/nptl/dl-tls_init_tp.c
fn=__tls_init_tp
68 5
69 1
72 1
75 4
76 2
77 1
82 2
87 4
90 1
93 3
105 4
121 3
128 2
129 3
fn=__tls_pre_init_tp
53 3
56 10
61 2
62 1
64 1
fn=rtld_mutex_dummy
42 178
44 356
fl=./elf/../sysdeps/nptl/pthread_early_init.h
fn=__libc_early_init
33 6
34 1
38 5
45 2
46 1
48 2
52 5
53 1
54 1
56 1
fl=./elf/../sysdeps/posix/dl-fileid.h
fn=_dl_map_object_from_fd
37 20
40 20
49 60
fl=./elf/../sysdeps/unix/sysv/linux/brk.c
fn=brk
36 1
37 1
38 2
44 1
45 1
fl=./elf/../sysdeps/unix/sysv/linux/brk_call.h
fn=brk
24 2
fl=./elf/../sysdeps/unix/sysv/linux/dl-osinfo.h
fn=dl_main
39 2
52 1
fl=./elf/../sysdeps/unix/sysv/linux/dl-parse_auxv.h
fn=_dl_sysdep_parse_arguments
32 2
33 1
34 1
41 93
42 44
43 44
45 1
46 2
47 2
48 2
49 1
51 2
52 2
53 2
54 2
56 2
fl=./elf/../sysdeps/unix/sysv/linux/dl-sysdep.c
fn=_dl_sysdep_parse_arguments
78 7
79 2
80 2
81 3
82 65
83 133
86 2
90 56
93 5
94 2
95 3
96 6
fn=_dl_sysdep_start
102 6
103 1
106 2
110 2
113 1
115 2
122 3
123 2
125 5
137 3
140 5
143 4
fn=_dl_sysdep_start_cleanup
147 1
148 1
fl=./elf/../sysdeps/unix/sysv/linux/dl-vdso-setup.h
fn=dl_main
30 1
33 1
36 1
39 1
45 1
fl=./elf/../sysdeps/unix/sysv/linux/dl-vdso.h
fn=dl_main
40 2
41 5
55 2
fl=./elf/../sysdeps/unix/sysv/linux/rseq-internal.h
fn=__tls_init_tp
32 3
34 7
37 2
40 1
fl=./elf/../sysdeps/unix/sysv/linux/x86/dl-hwcap2.h
fn=update_active.constprop.0
25 2
fl=./elf/../sysdeps/unix/sysv/linux/x86/dl-minsigstacksize.h
fn=get_common_indices.constprop.0
24 2
27 2
28 2
65 3
72 1
74 1
fl=./elf/../sysdeps/x86/cpu-features.c
fn=get_common_indices.constprop.0
398 3
402 4
405 5
409 1
410 4
411 4
412 4
413 3
414 2
421 2
423 9
428 8
435 2
436 7
442 2
457 3
fn=init_cpu_features.constprop.0
376 3
377 2
378 6
383 2
384 6
389 2
390 7
682 8
685 1
686 1
687 1
690 1
699 3
702 6
703 1
706 2
708 6
713 1
715 3
717 9
721 7
774 3
781 2
799 1
832 2
866 4
869 2
870 1
878 2
885 2
887 2
891 2
897 2
899 1
1001 3
1002 2
1005 2
1006 2
1012 1
1013 1
1014 1
1015 2
1019 4
1022 4
1028 3
1041 2
1042 4
1081 1
1082 2
1086 3
1103 2
1104 2
1106 3
1107 2
1109 3
1110 2
1113 2
1127 4
1129 4
1135 4
1142 8
fn=update_active.constprop.0
72 8
76 1
84 3
85 3
86 1
94 4
95 1
103 4
104 1
109 4
112 4
113 1
116 5
117 2
121 5
122 3
123 3
124 2
128 5
129 5
130 3
132 2
133 4
147 2
151 7
152 4
154 3
158 4
161 1
164 2
166 2
170 1
171 1
178 4
180 5
186 4
188 5
190 4
195 5
244 3
245 3
261 4
277 2
281 2
282 1
285 4
289 2
293 3
294 2
296 1
297 1
300 2
302 1
305 2
356 5
360 3
369 1
370 8
fl=./elf/../sysdeps/x86/dl-cacheinfo.h
fn=get_common_cache_info.constprop.0
571 11
586 1
587 1
588 2
589 1
590 2
596 3
598 7
601 2
613 1
618 3
622 2
627 5
630 24
637 8
640 26
645 2
649 3
650 2
654 2
658 3
661 4
662 1
667 4
673 4
681 6
683 2
685 4
687 12
689 1
690 1
691 9
693 4
696 7
701 1
703 4
704 3
705 1
708 2
711 2
718 1
720 4
721 1
726 2
731 2
732 1
733 2
734 1
759 3
770 5
771 5
775 2
782 1
783 2
784 1
785 7
fn=handle_intel.constprop.0
250 108
255 24
261 12
262 12
267 48
271 24
276 24
279 60
281 24
284 60
286 24
305 96
fn=init_cpu_features.constprop.0
792 1
793 1
795 1
809 2
811 3
812 3
813 3
814 2
817 3
819 3
820 2
822 3
824 3
825 1
827 3
829 3
830 2
832 3
834 3
836 3
838 5
894 2
895 2
896 2
897 2
898 2
899 2
900 1
901 1
902 1
903 1
904 1
905 1
907 1
910 3
924 3
925 7
930 2
931 6
932 2
939 3
959 6
968 2
969 2
974 12
987 5
995 7
997 2
1000 5
1002 2
1005 5
1006 5
1010 6
1011 3
1017 7
1020 11
1021 10
1022 13
1025 10
1027 10
1040 4
1042 2
1043 2
1044 1
1045 1
1046 1
1047 1
fn=intel_check_word.constprop.0
110 648
113 324
119 216
123 48
125 12
129 120
131 144
133 60
135 120
143 120
152 12
155 138
158 99
162 58
164 189
167 120
168 72
169 60
170 48
172 11
174 22
176 12
177 16
178 12
179 20
180 14
181 12
183 8
184 12
187 21
190 2
194 192
202 168
216 48
246 144
fl=./elf/../sysdeps/x86/dl-get-cpu-features.c
fn=__x86_cpu_features
39 3
71 3
fn=_dl_x86_init_cpu_features
37 1
39 3
41 1
fl=./elf/../sysdeps/x86/dl-isa-level.h
fn=_dl_load_cache_lookup
28 24
fl=./elf/../sysdeps/x86/dl-procinfo.h
fn=_dl_load_cache_lookup
39 8
42 28
fl=./elf/../sysdeps/x86/dl-prop.h
fn=_dl_map_object_from_fd
149 20
fn=_dl_process_pt_gnu_property
95 36
102 18
115 18
118 9
252 6
253 3
254 12
255 6
257 36
258 3
260 9
fn=dl_main
36 2
37 24
40 10
49 40
53 33
71 2
149 4
235 4
236 2
fl=./elf/../sysdeps/x86/get-isa-level.h
fn=_dl_hwcaps_subdirs_active
30 4
31 1
32 3
36 3
39 4
40 4
45 4
48 2
51 5
53 4
54 2
55 2
58 4
fn=update_active.constprop.0
28 1
30 4
31 1
32 3
36 3
38 1
39 2
40 4
45 4
47 1
48 2
51 5
53 4
54 2
55 2
57 1
58 4
fl=./elf/../sysdeps/x86_64/dl-cet.c
fn=_dl_cet_check
145 2
157 2
173 1
179 1
275 2
276 1
277 2
282 4
283 3
285 2
293 5
296 1
300 2
301 1
302 2
303 2
304 2
305 2
308 1
310 1
313 2
361 8
363 6
fn=_dl_cet_setup_features
331 1
334 2
350 1
fl=./elf/../sysdeps/x86_64/dl-hwcaps-subdirs.c
fn=_dl_hwcaps_subdirs_active
29 1
38 3
43 1
48 1
52 1
fl=./elf/../sysdeps/x86_64/dl-irel.h
fn=_dl_fixup
32 4
fl=./elf/../sysdeps/x86_64/dl-machine.h
fn=_dl_fixup
234 85
fn=_dl_relocate_object
81 30
87 8
91 6
97 2
108 6
129 4
132 4
134 8
267 6908
274 6908
278 6908
287 28011
290 6927
291 136
292 13752
317 20724
320 46
323 46
346 8
347 12
352 6
354 4
363 4
393 35
400 51
402 68
406 51
415 34
423 9638
436 7
460 6
464 8
465 8
466 10
467 4
476 136
478 68
479 68
498 3078
499 1026
503 2052
504 2052
514 2224
518 2224
521 3336
522 1112
730 14
734 8
fn=_dl_start
55 1
278 9
287 27
290 6
291 12
317 8
323 2
fn=_dl_sysdep_start
220 1
fl=./elf/../sysdeps/x86_64/dl-runtime.h
fn=_dl_fixup
28 85
fl=./elf/../sysdeps/x86_64/dl-trampoline.h
fn=_dl_runtime_resolve_xsave
71 85
76 85
79 85
81 85
91 85
97 85
98 85
99 85
100 85
101 85
102 85
103 85
107 85
108 85
111 85
112 85
114 85
115 85
116 85
117 85
118 85
119 85
121 85
128 85
129 85
130 85
131 85
136 85
137 85
138 85
140 85
141 85
142 85
143 85
144 85
145 85
146 85
148 85
150 85
154 85
156 85
fl=./elf/../sysdeps/x86_64/tls_get_addr.S
fn=__tls_get_addr
29 2
30 2
31 2
33 2
34 2
35 2
38 2
39 2
43 2
44 2
45 2
46 2
fl=./elf/./dl-find_object.h
fn=_dl_find_object_from_map
95 14
96 14
97 7
103 35
104 203
105 140
107 21
112 7
fl=./elf/./dl-hwcaps.h
fn=_dl_important_hwcaps
43 9
45 7
46 1
77 8
78 8
79 7
fl=./elf/./dl-load.h
fn=_dl_map_object_from_fd
91 40
92 16
93 20
94 16
96 16
fl=./elf/./dl-main.h
fn=dl_main
109 5
fl=./elf/./dl-map-segments.h
fn=_dl_map_object_from_fd
28 15
29 45
81 5
101 5
102 15
105 15
106 10
108 10
125 5
135 120
137 60
139 150
149 80
155 10
156 5
157 15
158 10
160 10
165 10
168 15
176 35
182 10
186 16
189 4
194 20
fl=./elf/./dl-sym-post.h
fn=lookup_malloc_symbol
41 8
53 12
fl=./elf/./dl-tunable-types.h
fn=__GI___tunable_set_val
84 5
fl=./elf/./elf/dl-audit.c
fn=_dl_audit_activity_map
29 7
30 1
31 3
37 6
fn=_dl_audit_activity_nsid
41 3
45 12
46 3
47 15
fn=_dl_audit_objclose
97 7
98 28
fn=_dl_audit_objopen
77 5
78 20
fn=_dl_audit_preinit
118 1
119 4
fl=./elf/./elf/dl-cache.c
fn=_dl_cache_libcmp
357 72
358 526
360 705
362 255
368 40
369 30
370 239
372 239
374 20
380 450
382 450
383 78
386 199
387 199
390 66
fn=_dl_load_cache_lookup
191 52
205 4
208 32
210 40
211 8
213 20
220 64
222 170
223 52
227 78
231 78
232 52
240 24
242 16
245 16
247 48
249 8
259 16
263 8
264 12
269 24
270 16
286 28
295 8
298 8
301 4
302 12
330 8
342 16
346 22
347 12
349 10
403 40
405 8
408 12
411 5
419 5
420 8
423 6
424 1
431 1
432 2
477 9
482 12
485 12
500 8
512 12
513 60
514 16
515 4
516 32
fn=_dl_unload_cache
525 3
526 4
528 2
529 1
533 1
535 2
fl=./elf/./elf/dl-call-libc-early-init.c
fn=_dl_call_libc_early_init
27 7
29 2
33 5
37 2
39 4
40 2
41 3
fl=./elf/./elf/dl-call_fini.c
fn=_dl_call_fini
24 56
28 14
32 7
34 7
35 14
38 10
39 15
42 44
43 6
47 7
48 14
49 15
50 37
fl=./elf/./elf/dl-catch.c
fn=_dl_catch_error
254 12
256 2
257 2
258 2
259 2
261 6
fn=_dl_catch_exception
58 39
59 26
69 26
70 65
204 104
207 26
214 13
228 13
229 26
235 78
237 39
239 52
248 39
fn=_dl_receive_error
58 2
59 1
69 2
70 2
186 7
188 1
192 1
194 1
197 1
198 4
fl=./elf/./elf/dl-debug.c
fn=_dl_debug_initialize
56 3
57 1
59 2
61 2
63 3
64 1
85 3
90 3
91 2
92 1
95 3
96 6
99 2
107 2
fn=_dl_debug_state
116 2
117 2
fn=_dl_debug_update
38 6
40 12
41 6
44 12
48 6
fl=./elf/./elf/dl-deps.c
fn=_dl_map_object_deps
128 3
129 5
130 6
132 3
136 8
143 13
144 20
160 9
161 1
164 1
182 1
183 6
184 1
188 15
190 27
193 7
197 21
198 46
201 20
205 10
208 22
210 20
215 5
216 5
217 10
218 10
219 5
221 631
222 298
228 113
230 12
232 48
233 24
242 12
244 24
249 35
252 5
253 5
254 5
255 10
256 5
257 5
259 20
263 36
264 27
266 411
417 14
419 25
422 10
423 20
429 5
430 25
431 25
434 5
435 10
439 21
441 7
442 32
448 5
449 1
452 4
463 5
465 4
470 5
471 1
472 2
474 25
478 7
483 14
485 21
490 7
494 2
495 3
532 2
533 2
547 9
552 9
553 5
557 1
559 2
560 1
561 3
568 3
571 2
574 8
fn=openaux
61 72
64 132
65 12
68 12
69 36
fl=./elf/./elf/dl-environ.c
fn=_dl_next_ld_env_entry
28 3
29 3
32 199
34 130
35 38
37 2
40 4
42 2
45 63
fl=./elf/./elf/dl-find_object.c
fn=_dl_find_object_init
561 5
564 1
566 2
567 3
579 2
580 3
582 2
585 2
590 1
591 1
594 3
596 2
599 6
601 1
604 4
fn=_dlfo_process_initial
474 8
475 2
477 2
478 4
504 24
505 34
506 14
508 52
511 48
513 36
515 12
516 12
517 24
529 2
531 8
fn=_dlfo_sort_mappings
536 1
537 2
540 24
544 10
545 70
546 75
548 5
549 5
553 20
554 25
555 10
557 1
fl=./elf/./elf/dl-fini.c
fn=_dl_fini
26 11
43 1
46 13
49 2
51 1
54 2
56 5
61 1
63 4
68 18
73 25
75 14
77 14
79 14
80 7
81 7
85 7
87 6
88 6
94 6
103 2
108 41
110 7
112 14
114 28
117 14
122 7
126 5
132 6
134 1
138 2
145 8
fl=./elf/./elf/dl-hwcaps.c
fn=_dl_important_hwcaps
52 16
54 2
55 4
56 2
57 2
77 16
80 16
84 2
86 6
87 2
88 2
100 5
102 3
105 1
108 1
112 5
125 12
127 10
128 4
129 4
130 2
133 3
142 13
143 11
145 8
151 5
155 4
156 3
157 3
161 1
162 2
163 2
172 14
174 2
175 3
185 2
186 3
189 3
193 2
194 2
201 1
202 5
208 2
209 1
213 3
216 9
fl=./elf/./elf/dl-hwcaps_split.c
fn=_dl_hwcaps_split
25 5
26 3
27 1
47 4
fn=_dl_hwcaps_split_masked
26 44
30 24
34 78
35 12
36 24
41 36
42 18
43 12
45 6
51 110
55 5
56 18
57 27
58 24
60 6
62 88
67 12
fl=./elf/./elf/dl-init.c
fn=_dl_init
29 16
35 40
37 41
81 13
82 1
83 1
86 3
89 2
94 4
119 1
120 32
121 14
127 8
fn=call_init.part.0
26 84
43 21
46 21
47 2
51 12
59 18
60 24
63 6
64 12
70 15
72 10
73 117
74 92
76 56
fl=./elf/./elf/dl-load.c
fn=_dl_dst_count
238 108
241 24
244 24
245 12
264 108
fn=_dl_init_paths
706 13
720 4
725 1
727 3
734 3
735 2
739 4
741 4
747 1
748 1
756 8
758 8
759 4
761 5
762 7
763 4
766 13
767 10
768 18
770 32
776 1
777 1
782 1
785 3
787 4
789 3
806 1
808 3
822 2
825 5
827 23
831 2
832 60
833 14
834 28
836 1
837 1
838 2
844 6
847 3
853 1
857 8
fn=_dl_map_object
682 43
685 4
688 6
691 2
692 1
696 20
1967 156
1969 5
1975 26
1976 52
1979 272
1984 357
1986 255
1990 86
1991 129
1994 110
1995 66
1996 110
2010 20
2011 15
2019 15
2034 5
2036 25
2040 16
2042 8
2049 16
2053 4
2054 4
2058 15
2059 5
2073 20
2074 28
2075 4
2084 8
2099 8
2100 64
2106 12
2107 4
2115 4
2129 8
2131 12
2135 12
2137 8
2141 8
2149 8
2172 36
2176 12
2177 4
2194 8
2200 1
2201 4
2202 2
2203 2
2207 9
2210 3
2222 20
2267 10
2268 88
2270 122
fn=_dl_map_object_from_fd
944 70
959 20
989 95
990 40
1008 10
1036 20
1046 10
1053 40
1054 10
1065 10
1066 15
1067 10
1069 15
1070 20
1071 8
1074 17
1075 6
1086 5
1088 5
1090 110
1091 5
1092 5
1093 5
1094 5
1100 210
1101 507
1107 10
1114 13
1115 15
1116 50
1121 2
1122 1
1127 155
1135 100
1136 130
1137 100
1138 20
1139 40
1141 140
1143 40
1156 40
1157 75
1162 20
1163 205
1176 9
1180 12
1181 3
1185 15
1186 6
1189 3
1194 12
1209 10
1210 5
1213 15
1218 35
1228 95
1229 40
1235 10
1245 20
1252 35
1264 5
1268 20
1269 15
1275 14
1276 10
1278 10
1288 15
1307 15
1309 30
1361 15
1362 6
1368 170
1369 280
1375 80
1380 20
1393 10
1395 20
1397 10
1413 10
1417 10
1418 10
1435 10
1436 1
1439 10
1444 10
1449 10
1461 40
1462 12
1463 27
1464 9
1465 5
1471 10
1472 12
1477 6
1484 15
1487 10
1491 15
1492 15
1510 10
1514 35
1515 20
1519 45
fn=_dl_process_pt_gnu_property
868 18
869 12
870 6
876 12
882 30
885 18
886 12
887 12
890 18
891 18
895 6
896 12
900 18
901 9
904 18
907 9
908 36
918 18
920 24
fn=expand_dynamic_string_token
241 6
244 4
385 20
399 4
410 14
fn=fillin_rpath.isra.0
468 17
472 1
474 12
481 2
483 6
487 2
492 3
493 2
500 5
505 2
509 15
510 8
528 4
532 4
534 2
538 1
539 2
540 4
541 1
543 2
549 4
550 14
551 4
553 2
554 3
555 1
561 2
562 1
565 3
571 1
574 8
fn=open_path
1812 44
1813 8
1816 4
1817 4
1819 8
1822 8
1824 88
1827 8
1831 4
1835 24
1842 24
1843 88
1846 24
1851 66
1854 12
1860 18
1863 48
1865 18
1867 6
1872 6
1873 21
1879 9
1881 26
1882 2
1884 3
1891 38
1893 13
1937 32
1941 4
1943 16
1946 12
1960 36
fn=open_verify.constprop.0
1572 132
1604 33
1609 12
1623 55
1625 22
1633 5
1634 15
1639 30
1641 10
1643 10
1645 10
1651 10
1668 74
1749 10
1754 10
1760 20
1766 10
1772 20
1773 20
1777 16
1778 5
1799 99
fl=./elf/./elf/dl-lookup-direct.c
fn=_dl_lookup_direct
32 15
33 9
35 6
36 6
48 9
51 6
53 21
57 9
58 21
59 15
74 39
76 6
78 21
79 6
81 12
84 25
86 12
93 6
115 3
116 27
fl=./elf/./elf/dl-lookup.c
fn=_dl_lookup_symbol_x
772 24765
774 3810
775 7620
778 1905
782 7582
785 3810
787 3810
791 26750
792 32385
797 9525
799 96
816 1905
817 48
820 3810
821 13207
828 1953
856 7556
870 5667
871 2
873 3778
890 7556
892 17145
fn=check_match
70 28455
73 15176
78 18
86 9460
89 4372
93 1892
94 3784
96 3778
115 3778
116 15112
117 9430
118 6
119 6
144 6
146 18
147 12
150 2
151 7
153 3
161 1888
162 15176
fn=do_lookup_x
170 300
171 307
172 940
174 98
175 294
176 530
179 152
180 152
181 82
182 152
183 70
222 492
224 738
226 164
227 82
228 328
230 2694
231 486
234 352
235 176
254 352
257 95
258 285
259 322
262 1377
269 12
272 4
279 298
280 276
281 350
285 20
286 2
287 2
288 4
289 8
300 3
302 2
305 1
306 1
307 2
310 164
311 492
318 328
329 574
331 164
333 246
334 164
347 26670
348 1905
353 1905
354 1905
358 12208
361 12208
365 16030
386 12204
390 12204
396 18306
400 6102
401 6102
404 30510
405 18306
408 6102
409 12204
411 6102
412 5715
413 12204
415 13335
416 24408
419 42714
422 3882
423 5823
424 3882
426 3878
429 24150
431 5691
432 47887
433 3794
436 5691
439 8844
461 15104
470 409
472 2
476 3778
483 9976
487 3729
491 1
499 3614
500 1807
501 1889
518 12645
521 16
522 15240
fl=./elf/./elf/dl-minimal-malloc.c
fn=__minimal_calloc
80 85
84 17
87 17
88 51
fn=__minimal_free
97 3
99 12
fn=__minimal_malloc
36 336
37 126
42 3
43 2
44 2
48 167
51 282
56 12
57 12
59 3
60 24
62 6
64 12
65 9
67 8
70 43
71 46
73 252
fl=./elf/./elf/dl-minimal.c
fn=__rtld_malloc_init_real
76 10
86 2
87 1
89 1
91 6
92 5
93 5
94 4
99 1
100 1
101 1
102 1
103 8
fn=__rtld_malloc_init_stubs
42 1
43 2
44 2
45 2
46 2
47 1
fn=lookup_malloc_symbol
61 36
63 4
64 28
68 28
69 28
71 4
72 24
fn=strsep
239 2
242 4
244 2
245 4
247 2
249 47
251 28
254 56
256 84
264 14
267 1
271 4
fl=./elf/./elf/dl-misc.c
fn=_dl_higher_prime_number
87 2
124 2
125 2
127 26
129 80
130 30
131 6
133 7
145 2
146 2
fn=_dl_name_match_p
68 812
69 464
70 20
72 116
74 458
75 665
80 113
82 96
83 464
fn=_dl_sysdep_read_whole_file
36 11
39 3
40 2
42 6
44 2
47 2
49 8
60 3
63 8
fl=./elf/./elf/dl-object.c
fn=_dl_add_to_namespace_list
31 54
33 18
35 53
38 80
40 5
42 5
45 2
46 18
47 12
48 12
50 12
51 30
fn=_dl_new_object
59 90
62 12
64 2
66 3
67 2
71 6
77 2
80 10
83 26
87 10
92 5
95 12
98 6
99 6
100 12
103 12
104 42
106 6
119 28
123 5
125 1
127 42
130 12
131 12
132 6
136 6
139 40
141 20
149 12
150 6
153 1
155 36
157 20
160 14
164 24
168 35
176 1
179 12
189 24
191 20
195 15
199 10
200 10
208 5
212 5
245 20
250 168
251 168
255 10
256 5
259 5
263 54
fl=./elf/./elf/dl-reloc.c
fn=_dl_relocate_object
170 14088
171 6874
174 23200
175 19444
177 1621
178 6482
182 3632
183 1816
184 1816
186 14534
187 9050
188 3620
190 12809
193 1816
194 12712
196 1621
207 88
208 16
220 14
221 21
224 28
226 21
228 7
229 21
251 35
252 14
253 3
255 14
262 21
301 10279
304 35
328 7
331 14
348 21
350 64
356 42
359 14
363 14
364 42
fl=./elf/./elf/dl-runtime.c
fn=_dl_fixup
46 935
48 425
49 255
54 85
55 340
56 595
58 170
63 170
67 170
69 85
71 255
75 255
76 340
77 255
84 85
85 255
87 18
88 18
95 935
99 425
100 72
109 850
124 340
125 8
133 255
159 255
163 680
fl=./elf/./elf/dl-setup_hash.c
fn=_dl_setup_hash
25 14
28 21
31 21
32 14
33 7
34 7
36 21
37 7
38 21
40 7
41 14
43 7
45 21
50 7
fl=./elf/./elf/dl-sort-maps.c
fn=_dl_sort_maps
140 64
181 2
182 4
183 52
184 28
211 34
216 4
218 2
219 10
221 44
223 14
226 40
244 8
263 8
276 8
283 2
298 26
306 6
310 18
fn=_dl_sort_maps_init
289 4
290 4
291 1
292 3
293 2
fn=dfs_traversal.part.0
135 126
140 70
143 14
145 42
147 186
156 49
171 42
172 14
173 90
fl=./elf/./elf/dl-tunables.c
fn=__GI___tunable_set_val
72 50
82 5
93 40
94 25
97 10
100 35
104 10
111 10
112 10
115 25
116 5
117 5
118 5
153 30
157 15
fn=__GI___tunables_init
42 330
45 65
48 5782
52 130
56 260
128 1
261 10
267 4
281 10660
283 2
287 19305
304 8
fn=__tunable_get_val
387 80
390 474
399 52
400 15
409 31
416 240
418 40
fl=./elf/./elf/dl-tunables.h
fn=__GI___tunable_set_val
141 10
142 10
151 5
fn=__GI___tunables_init
160 1294
161 3073
fl=./elf/./elf/dl-version.c
fn=_dl_check_all_versions
392 7
394 1
396 26
397 7
398 63
401 7
fn=_dl_check_map_versions
36 202
37 53
38 337
56 200
64 150
70 150
86 50
87 100
89 50
94 1934
108 1684
110 50
113 400
120 2376
124 792
155 70
156 7
164 12
170 21
172 35
174 7
175 7
177 14
180 15
184 40
198 7
200 36
208 36
213 36
215 38
217 200
218 355
221 100
224 150
225 5
228 26
231 200
234 150
239 38
243 36
248 7
257 30
260 10
263 551
266 412
270 129
274 18
279 6
280 24
281 18
291 6
294 32
296 12
299 20
301 7
303 36
306 150
308 200
310 250
311 100
312 150
313 150
316 150
321 38
324 36
329 7
334 12
337 10
341 129
343 268
347 129
348 645
349 387
350 129
353 402
357 129
365 10
366 10
367 10
368 4
370 4
372 124
373 60
375 2
376 7
387 63
fl=./elf/./elf/do-rel.h
fn=_dl_relocate_object
49 42
50 42
51 7
53 70
72 8
73 9
80 42
83 3352
85 4448
96 12
97 4
114 36
123 3106
124 2052
126 36
129 40
131 14118
133 17580
134 14064
135 10548
136 14064
138 10548
141 272
142 68
143 68
147 3448
150 10367
151 138
164 24
165 285
166 252
169 204
171 272
172 68
173 136
180 31
182 42
183 12
185 18
193 6
196 18
211 7
fn=_dl_start
49 6
50 4
51 1
53 10
56 4
61 13
63 9
64 6
65 3
fl=./elf/./elf/get-dynamic-info.h
fn=_dl_map_object_from_fd
39 10
43 5
45 567
49 276
51 74
52 37
53 6
54 129
55 109
56 25
59 20
62 20
64 20
68 138
72 20
84 17
85 20
86 20
87 20
88 17
89 19
90 19
91 20
103 40
110 16
115 8
122 8
123 15
129 15
130 6
147 15
152 4
154 4
156 4
158 4
159 4
162 15
164 9
165 6
174 6
175 9
180 6
181 6
184 10
fl=./elf/./elf/libc-dl-profstub.c
fn=_dl_mcount_wrapper_check
36 128
37 384
38 128
fl=./elf/./elf/libc_early_init.c
fn=__libc_early_init
33 9
35 1
38 2
41 2
47 4
49 2
fl=./elf/./elf/rtld.c
fn=_dl_start
85 8
458 2
476 3
477 1
478 2
488 1
494 4
496 2
517 16
543 1
546 2
547 4
563 190
565 1
578 1
585 9
fn=dl_main
85 17
92 12
93 2
101 9
197 2
199 1
224 3
225 5
226 4
296 3
302 1
303 1
837 1
839 1
848 1
850 1
855 1
1115 1
1116 1
1118 1
1122 3
1124 1
1125 1
1140 1
1143 46
1144 117
1148 3
1153 3
1154 9
1163 2
1164 2
1166 1
1173 3
1191 2
1199 8
1200 17
1201 8
1202 1
1204 12
1205 14
1209 8
1210 8
1211 4
1215 12
1243 2
1247 3
1253 28
1254 61
1260 17
1266 4
1269 3
1271 3
1346 13
1351 1
1352 1
1357 1
1373 3
1374 4
1637 10
1639 2
1640 3
1641 2
1642 3
1646 2
1647 2
1672 3
1673 5
1674 3
1675 3
1678 1
1680 1
1681 1
1683 2
1684 2
1688 2
1690 2
1698 4
1705 2
1708 2
1733 4
1735 1
1740 2
1743 4
1744 4
1745 3
1746 1
1747 1
1748 1
1759 2
1760 2
1762 2
1764 1
1765 3
1770 5
1771 5
1773 3
1779 2
1788 2
1792 1
1793 2
1817 2
1823 1
1824 1
1825 1
1829 3
1834 3
1836 1
1838 2
1842 5
1847 2
1863 6
1939 4
1943 19
1944 1
1947 3
1948 1
1949 2
1950 2
1955 3
1965 9
1971 31
1972 18
1975 3
1976 2
1977 1
1979 26
1980 12
1984 2
1990 1
1992 3
1993 2
1995 2
1997 3
1999 3
2000 1
2001 2
2013 2
2014 2
2015 3
2026 5
2027 4
2028 5
2038 2
2039 2
2040 4
2042 2
2047 3
2246 3
2250 3
2256 2
2259 2
2267 2
2279 3
2282 3
2284 3
2285 6
2292 2
2293 30
2295 14
2300 14
2302 16
2304 1
2305 1
2308 7
2310 14
2311 48
2315 20
2316 9
2325 2
2329 4
2331 1
2338 4
2341 2
2345 3
2347 2
2357 1
2362 3
2365 1
2371 1
2372 5
2380 3
2387 1
2390 3
2394 3
2395 1
2396 1
2397 1
2401 1
2406 8
2538 1
2598 1
2600 2
2602 15
2604 2
2606 107
2607 19
2615 13
2640 2
2650 4
2652 2
2653 1
2687 5
2689 2
2690 2
2691 1
2727 5
2749 3
fn=handle_preload_list
183 3
806 1
810 2
811 2
812 1
814 1
816 6
817 3
825 3
869 13
870 3
874 5
877 4
878 3
880 4
881 2
887 1
889 2
891 2
892 1
895 9
fn=init_tls
734 4
736 2
740 3
746 2
749 1
750 1
751 1
755 1
757 1
761 2
762 2
763 18
764 7
765 14
769 9
771 3
773 3
776 2
779 1
786 2
787 2
793 2
797 1
800 5
fn=map_doit
641 6
643 4
644 6
646 3
fn=version_check_doit
674 6
676 6
680 3
fl=./elf/./get-dynamic-info.h
fn=_dl_start
45 75
49 36
51 10
52 5
54 20
55 16
56 5
59 4
62 4
64 4
68 18
72 3
84 4
85 3
86 4
87 4
88 5
89 3
90 4
91 4
103 10
110 3
123 3
129 3
130 3
133 2
134 3
139 5
142 5
fn=dl_main
39 4
43 1
45 115
49 56
51 12
52 6
54 25
55 21
56 5
59 4
62 4
64 4
68 28
72 7
84 3
85 5
86 5
87 5
88 4
89 5
90 5
91 5
103 9
110 3
115 2
122 3
123 4
129 3
147 4
152 2
154 2
156 2
158 2
159 2
162 4
164 3
165 2
174 2
175 3
180 2
181 3
184 3
fl=./elf/./setup-vdso.h
fn=dl_main
24 2
fl=./iconv/./iconv/gconv_simple.c
fn=__gconv_btwoc_ascii
49 128
51 512
54 128
fl=./io/../sysdeps/unix/sysv/linux/access.c
fn=access
25 1
27 7
31 1
fl=./io/../sysdeps/unix/sysv/linux/close_nocancel.c
fn=__GI___close_nocancel
25 6
26 24
27 6
fl=./io/../sysdeps/unix/sysv/linux/fstat64.c
fn=fstat
30 7
39 28
72 7
fl=./io/../sysdeps/unix/sysv/linux/fstatat64.c
fn=fstatat
91 6
146 6
160 4
161 11
162 1
fl=./io/../sysdeps/unix/sysv/linux/open64_nocancel.c
fn=__open_nocancel
28 48
31 84
39 102
41 24
fl=./io/../sysdeps/unix/sysv/linux/pread64_nocancel.c
fn=__pread64_nocancel
25 4
26 8
27 2
fl=./io/../sysdeps/unix/sysv/linux/read_nocancel.c
fn=__read_nocancel
25 5
26 20
27 5
fl=./io/../sysdeps/unix/sysv/linux/stat64.c
fn=stat
28 6
29 12
fl=./io/../sysdeps/unix/sysv/linux/write.c
fn=write
25 138
26 315
27 43
fl=./libio/../include/printf_buffer.h
fn=__vsnprintf_internal
124 48
127 16
128 16
137 32
fn=vsnprintf
124 51
127 17
128 17
137 34
fl=./libio/../include/sys/sysmacros.h
fn=_IO_file_doallocate
47 6
fl=./libio/./libio/filedoalloc.c
fn=_IO_file_doallocate
78 11
84 9
86 4
89 2
91 2
94 2
97 4
101 3
102 2
104 4
105 1
106 9
fl=./libio/./libio/fileops.c
fn=_IO_do_write@@GLIBC_2.2.5
424 289
426 171
427 193
434 48
441 96
444 24
449 120
450 120
452 72
453 48
454 24
455 48
456 96
fn=_IO_file_overflow@@GLIBC_2.2.5
732 520
733 260
740 323
743 2
745 2
746 6
755 3
764 3
765 1
766 1
767 1
768 1
769 3
771 3
772 5
773 2
775 130
776 42
777 85
778 88
781 132
782 132
783 176
784 16
785 12
787 44
788 369
fn=_IO_file_setbuf@@GLIBC_2.2.5
382 6
383 3
386 1
388 3
390 2
391 3
fn=_IO_file_stat
1147 1
1148 2
fn=_IO_file_sync@@GLIBC_2.2.5
793 77
798 44
800 11
801 22
812 22
816 55
fn=_IO_file_write@@GLIBC_2.2.5
1174 192
1175 48
1176 144
1180 72
1181 72
1182 48
1187 24
1188 24
1190 72
1191 72
1194 144
fn=_IO_file_xsputn@@GLIBC_2.2.5
444 40
446 40
1198 612
1200 1
1204 272
1205 68
1211 272
1213 270
1214 134
1217 1726
1219 2277
1221 20
1228 3
1229 47
1232 60
1234 134
1236 335
1237 67
1238 201
1240 134
1244 126
1250 42
1251 105
1253 63
1264 42
1265 4
1267 3
1268 612
fl=./libio/./libio/genops.c
fn=_IO_cleanup
776 6
777 17
780 12
784 3
785 54
792 9
794 6
796 4
798 2
800 3
801 1
805 5
807 3
814 3
816 34
817 3
821 9
822 2
842 12
843 2
855 12
fn=_IO_default_setbuf
330 5
332 1
333 1
337 2
452 10
453 5
455 4
457 3
458 2
462 1
466 4
467 1
468 6
fn=_IO_default_xsputn
371 11
373 2
374 4
375 1
379 164
399 402
401 40
404 8
fn=_IO_doallocbuf
343 8
344 2
346 3
347 5
350 6
fn=_IO_enable_locks
518 8
521 24
523 1
524 9
525 3
526 8
1044 1
1058 3
fn=_IO_flush_all
686 12
687 1
691 6
692 14
695 12
697 3
698 51
700 21
708 36
709 3
713 9
714 2
718 12
fn=_IO_setb
329 11
330 4
332 1
333 1
335 6
338 6
fn=__overflow
199 20
201 12
203 12
204 8
fl=./libio/./libio/iofflush.c
fn=fflush
32 60
33 20
39 180
40 50
44 50
fl=./libio/./libio/iofwrite.c
fn=fwrite
31 612
32 136
35 408
37 1232
38 339
39 476
45 384
46 68
49 612
fl=./libio/./libio/libioP.h
fn=_IO_cleanup
1025 3
1026 2
fn=_IO_default_setbuf
1025 3
1026 2
fn=_IO_default_xsputn
1025 81
1026 80
fn=_IO_do_write@@GLIBC_2.2.5
1025 72
1026 48
fn=_IO_doallocbuf
1025 3
1026 2
fn=_IO_file_doallocate
1025 3
1026 2
fn=_IO_file_xsputn@@GLIBC_2.2.5
1025 63
1026 42
fn=_IO_flush_all
1025 2
fn=__overflow
1025 12
1026 8
fn=fflush
979 20
980 100
1025 30
1026 20
fn=fwrite
979 136
980 668
1025 136
1026 136
fn=putc
979 2
980 10
fl=./libio/./libio/putc.c
fn=putc
25 36
28 8
29 21
30 18
31 8
34 21
fl=./libio/./libio/vsnprintf.c
fn=__vsnprintf_internal
63 32
66 16
75 48
76 16
87 32
93 208
96 48
98 96
fn=vsnprintf
63 34
66 17
75 51
76 17
87 34
96 68
102 187
104 102
fl=./libio/./libio/vtables.c
fn=check_stdfiles_vtables
545 1
546 4
547 3
548 3
550 1
fl=./locale/./locale/newlocale.c
fn=newlocale
43 15
55 2
56 1
63 2
66 3
73 4
75 1
277 12
fl=./locale/./locale/uselocale.c
fn=uselocale
30 36
31 108
33 72
36 72
37 36
65 108
66 108
68 108
72 108
73 36
fl=./malloc/../string/bits/string_fortified.h
fn=calloc
59 6
fn=tcache_init.part.0
59 1496
fl=./malloc/../sysdeps/unix/sysv/linux/not-cancel.h
fn=ptmalloc_init.part.0
97 6
fl=./malloc/./malloc/arena.c
fn=__malloc_arena_thread_freeres
153 48
893 144
899 32
900 16
902 32
904 64
907 48
908 48
910 32
911 16
913 64
915 128
fn=_int_free_maybe_consolidate
55 80
147 16
545 48
572 16
585 48
586 32
591 96
595 48
596 48
fn=alloc_new_heap
49 4
55 2
380 9
387 3
389 2
390 1
395 7
402 3
404 2
414 8
415 2
417 1
418 5
420 3
421 5
423 1
424 5
441 6
448 4
453 2
455 1
456 1
458 9
fn=arena_get2.part.0
463 3
470 8
619 2
638 2
640 2
649 3
651 1
653 3
656 1
657 1
658 2
659 2
660 1
661 4
663 1
664 2
665 1
666 1
668 4
671 2
676 1
678 4
680 4
682 4
694 4
818 10
828 3
830 3
832 3
853 3
855 7
857 2
865 9
fn=calloc
153 4
fn=free
55 16
147 96
153 112
fn=get_free_list
619 30
703 96
704 32
705 1
706 32
708 60
709 15
710 30
712 30
715 30
716 15
720 45
724 15
725 60
726 15
731 112
fn=malloc
153 30
264 1
fn=ptmalloc_init.part.0
262 8
267 1
292 2
296 3
300 4
301 4
302 4
303 4
304 4
305 4
306 4
308 4
309 4
310 4
313 4
314 4
316 2
326 8
fn=tcache_init.part.0
824 32
825 35
fl=./malloc/./malloc/malloc.c
fn=__malloc_arena_thread_freeres
3213 32
3215 32
3217 32
3221 48
3225 3088
3227 3136
3230 32
3231 16
3233 64
3238 48
3248 48
3371 32
3373 16
3375 48
3392 32
3398 48
3401 16
fn=_int_free
1792 32
1992 48
3163 32
3165 64
3166 16
3167 32
4495 336
4499 144
4505 192
4506 96
4510 240
4517 32
4518 224
4521 16
4527 48
4547 80
4550 16
4561 64
4572 64
4574 48
4593 16
4595 16
4596 16
4597 48
4600 48
4602 32
4616 32
4619 64
4621 64
4622 32
4628 64
4637 32
4640 32
4643 32
4644 64
4646 32
4649 64
4658 288
fn=_int_free_maybe_consolidate
4770 176
4776 32
4778 64
4781 48
4792 16
4794 32
4795 32
4798 176
fn=_int_free_merge_chunk
1992 48
4665 128
4666 16
4670 96
4673 32
4678 48
4681 32
4682 32
4683 32
4689 32
4701 48
4702 112
4714 32
4756 16
4757 48
4758 32
fn=_int_malloc
1326 60
1345 180
1794 30
1985 21
2008 8
2017 2
2552 6
2553 1
2564 2
2589 4
2590 2
2599 4
2608 3
2669 3
2677 2
2678 3
2691 3
2693 1
2699 5
2707 2
2709 4
2710 3
2711 1
2712 1
2715 2
2744 3
2745 1
2746 2
2752 8
2755 4
2782 2
2783 1
2795 3
2814 2
2817 2
2818 6
2820 1
2821 6
2833 5
2873 1
2875 1
2876 5
2877 1
2888 3
2921 3
2922 1
2926 1
2930 5
2932 1
2933 1
2934 1
2935 7
2936 2
2938 1
3163 14
3165 42
3166 7
3167 28
3846 330
3882 1
3887 60
3914 60
3916 36
3917 7
3919 9
3921 18
3923 14
3926 14
3929 126
3930 6
3932 14
3933 14
3939 14
3940 42
3945 28
3946 70
3948 14
3950 21
3954 98
3977 42
3979 132
3980 42
3982 63
4039 25
4040 6
4058 35
4059 69
4060 69
4070 134
4257 69
4259 8
4262 6
4263 23
4330 23
4331 46
4332 46
4333 46
4334 138
4339 92
4343 206
4346 188
4443 23
4444 46
4446 46
4449 69
4451 22
4452 44
4453 22
4454 176
4456 44
4459 44
4460 69
4461 23
4466 4
4482 1
4487 360
fn=alloc_new_heap
2008 4
fn=alloc_perturb
1985 69
1987 23
fn=arena_get2.part.0
1946 383
1949 381
1953 3
1955 1
1958 1
fn=calloc
3699 18
3709 18
3717 4
3720 6
3722 4
3725 16
3732 2
3733 4
3740 6
3754 6
3756 20
3759 4
3769 8
3784 4
3787 8
3796 6
3799 10
3807 2
3809 4
3811 4
3837 14
fn=free
3248 144
3359 494
3363 604
3371 64
3373 32
3375 96
3392 96
3395 48
3398 96
3401 32
3402 462
fn=malloc
1326 36
1345 90
3178 14
3182 14
3186 28
3190 14
3191 7
3248 4
3294 144
3301 36
3311 36
3313 72
3316 36
3318 51
3326 22
3328 12
3329 15
3334 64
3336 24
3339 16
3347 32
3351 40
3354 108
fn=ptmalloc_init.part.0
1946 385
1949 381
1957 1
1958 1
1960 1
3143 2
fn=tcache_init.part.0
3242 68
3251 72
3252 52
3253 34
3260 2
3261 68
3268 2
3270 34
3274 51
fl=./malloc/./malloc/morecore.c
fn=__glibc_morecore
25 6
26 4
29 2
30 4
34 4
fl=./malloc/./malloc/scratch_buffer_set_array_size.c
fn=__libc_scratch_buffer_set_array_size
30 65
34 5
35 10
45 10
46 5
63 30
fl=./malloc/./malloc/thread-freeres.c
fn=__libc_thread_freeres
31 48
33 16
35 16
36 16
37 16
41 16
42 16
fl=./math/../sysdeps/x86_64/fpu/multiarch/e_asin.c
fn=__acos_finite@GLIBC_2.15
35 1
fn=__asin_finite@GLIBC_2.15
27 2
fl=./math/../sysdeps/x86_64/fpu/multiarch/e_atan2.c
fn=__atan2_finite@GLIBC_2.15
26 2
fl=./math/../sysdeps/x86_64/fpu/multiarch/e_exp.c
fn=__exp_finite@GLIBC_2.15
27 2
fl=./math/../sysdeps/x86_64/fpu/multiarch/e_exp2f.c
fn=exp2f@@GLIBC_2.27
27 2
fl=./math/../sysdeps/x86_64/fpu/multiarch/e_expf.c
fn=expf@@GLIBC_2.27
27 2
fl=./math/../sysdeps/x86_64/fpu/multiarch/e_log.c
fn=__log_finite@GLIBC_2.15
27 2
fl=./math/../sysdeps/x86_64/fpu/multiarch/e_log2.c
fn=log2@@GLIBC_2.29
27 2
fl=./math/../sysdeps/x86_64/fpu/multiarch/e_log2f.c
fn=log2f@@GLIBC_2.27
27 2
fl=./math/../sysdeps/x86_64/fpu/multiarch/e_logf.c
fn=logf@@GLIBC_2.27
27 2
fl=./math/../sysdeps/x86_64/fpu/multiarch/e_pow.c
fn=__pow_finite@GLIBC_2.15
27 2
fl=./math/../sysdeps/x86_64/fpu/multiarch/e_powf.c
fn=powf@@GLIBC_2.27
30 1
fl=./math/../sysdeps/x86_64/fpu/multiarch/ifunc-avx-fma4.h
fn=__atan2_finite@GLIBC_2.15
32 5
33 2
fn=__exp_finite@GLIBC_2.15
32 5
33 2
fn=__log_finite@GLIBC_2.15
32 5
33 2
fn=cos
32 5
33 2
fn=sin
32 5
33 2
fl=./math/../sysdeps/x86_64/fpu/multiarch/ifunc-fma.h
fn=__log1p
29 4
30 3
fn=cosf
29 4
30 3
fn=exp2f@@GLIBC_2.27
29 4
30 3
fn=expf@@GLIBC_2.27
29 4
30 3
fn=expm1
29 4
30 3
fn=log2@@GLIBC_2.29
29 4
30 3
fn=log2f@@GLIBC_2.27
29 4
30 3
fn=logf@@GLIBC_2.27
29 4
30 3
fn=powf@@GLIBC_2.27
29 4
30 4
fn=sincosf
29 4
30 3
fn=sinf
29 4
30 3
fl=./math/../sysdeps/x86_64/fpu/multiarch/ifunc-fma4.h
fn=__acos_finite@GLIBC_2.15
31 4
32 2
35 1
fn=__asin_finite@GLIBC_2.15
31 4
32 2
fn=__pow_finite@GLIBC_2.15
31 4
32 2
fn=sincos
31 4
32 2
fl=./math/../sysdeps/x86_64/fpu/multiarch/s_cosf.c
fn=cosf
26 2
fl=./math/../sysdeps/x86_64/fpu/multiarch/s_expm1.c
fn=expm1
26 2
fl=./math/../sysdeps/x86_64/fpu/multiarch/s_fma.c
fn=fma
49 6
fl=./math/../sysdeps/x86_64/fpu/multiarch/s_log1p.c
fn=__log1p
26 2
fl=./math/../sysdeps/x86_64/fpu/multiarch/s_sin.c
fn=cos
34 2
fn=sin
27 2
fl=./math/../sysdeps/x86_64/fpu/multiarch/s_sincos.c
fn=sincos
26 2
fl=./math/../sysdeps/x86_64/fpu/multiarch/s_sincosf.c
fn=sincosf
26 2
fl=./math/../sysdeps/x86_64/fpu/multiarch/s_sinf.c
fn=sinf
26 2
fl=./misc/../sysdeps/unix/syscall-template.S
fn=madvise
117 80
122 16
fn=mprotect
117 50
122 10
fn=munmap
117 15
122 3
fl=./misc/../sysdeps/unix/sysv/linux/brk.c
fn=brk
36 2
37 4
38 4
44 2
45 2
fl=./misc/../sysdeps/unix/sysv/linux/brk_call.h
fn=brk
24 4
fl=./misc/../sysdeps/unix/sysv/linux/clone-internal.c
fn=__clone_internal
53 32
62 32
64 128
80 48
82 4
83 4
86 1
97 192
99 32
106 16
109 32
110 128
fl=./misc/../sysdeps/unix/sysv/linux/getpagesize.c
fn=getpagesize
27 32
28 128
30 32
fl=./misc/../sysdeps/unix/sysv/linux/mmap64.c
fn=mmap
47 203
50 58
53 128
58 174
60 116
fl=./misc/../sysdeps/unix/sysv/linux/setvmaname.c
fn=__set_vma_name
33 243
35 176
40 14
47 2
48 1
49 306
fl=./misc/../sysdeps/unix/sysv/linux/x86_64/clone.S
fn=clone
52 16
54 16
55 16
56 16
59 16
60 16
63 16
65 16
69 16
72 16
73 16
74 16
75 16
76 16
81 16
83 32
84 32
85 32
87 16
95 16
98 16
99 16
100 16
fl=./misc/../sysdeps/unix/sysv/linux/x86_64/clone3.S
fn=clone3
42 1
44 1
45 1
46 1
47 1
48 1
52 1
55 1
60 1
62 1
63 1
86 5
fl=./misc/./misc/init-misc.c
fn=__init_misc
30 5
31 6
33 3
37 5
38 3
40 4
fl=./misc/./misc/sbrk.c
fn=sbrk
37 16
40 4
43 4
58 4
59 4
62 4
63 2
66 4
74 3
78 14
fl=./nptl/../include/list.h
fn=__nptl_deallocate_stack
43 32
44 32
45 16
47 16
55 48
56 16
fn=__nptl_stack_list_add
43 80
45 16
47 16
fn=__nptl_stack_list_del
55 42
56 14
fl=./nptl/../nptl/descr.h
fn=__pthread_enable_asynccancel
439 58
fl=./nptl/../string/bits/string_fortified.h
fn=pthread_create@@GLIBC_2.34
59 98
fl=./nptl/../sysdeps/nptl/futex-internal.h
fn=__futex_abstimed_wait_cancelable64
87 20
fn=__pthread_once_slow
209 8
fn=start_thread
146 16
fl=./nptl/../sysdeps/unix/sysv/linux/internal-signals.h
fn=pthread_create@@GLIBC_2.34
81 112
89 96
fn=start_thread
89 80
fl=./nptl/../sysdeps/unix/sysv/linux/internal-sigset.h
fn=pthread_create@@GLIBC_2.34
34 16
102 16
103 16
fn=start_thread
102 48
fl=./nptl/../sysdeps/unix/sysv/linux/rseq-internal.h
fn=start_thread
32 32
40 16
fl=./nptl/../sysdeps/unix/sysv/linux/sigsetops.h
fn=pthread_create@@GLIBC_2.34
54 1
104 2
fl=./nptl/../sysdeps/unix/sysv/linux/x86/elision-conf.c
fn=__lll_elision_init
92 8
96 5
98 4
100 4
102 4
104 4
107 3
108 1
109 6
fl=./nptl/../sysdeps/x86/nptl/tls-setup.h
fn=pthread_create@@GLIBC_2.34
22 32
fl=./nptl/./nptl-stack.h
fn=pthread_create@@GLIBC_2.34
61 160
fl=./nptl/./nptl/alloca_cutoff.c
fn=__libc_alloca_cutoff
27 17
28 153
35 17
fl=./nptl/./nptl/allocatestack.c
fn=name_stack_maps
587 192
589 160
593 64
595 64
596 112
599 16
600 32
601 48
603 160
605 224
fn=pthread_create@@GLIBC_2.34
63 28
66 64
74 64
78 14
79 84
81 28
83 28
96 42
99 8
105 14
108 98
111 42
114 42
117 84
120 28
121 28
124 14
125 14
126 14
129 14
131 14
132 14
136 14
137 840
138 1190
139 98
142 42
166 6
170 14
219 64
223 48
228 48
238 32
328 32
329 96
333 48
343 96
347 96
351 32
352 48
353 16
361 28
366 28
369 8
374 8
380 4
385 4
386 2
395 4
407 4
408 4
411 4
416 4
419 2
426 2
429 12
442 8
445 14
447 12
454 10
477 48
506 80
532 16
537 16
542 16
545 16
547 64
558 64
563 32
fn=start_thread
189 32
191 80
192 32
193 32
194 80
fl=./nptl/./nptl/cancellation.c
fn=__pthread_disable_asynccancel
63 29
66 87
71 87
74 58
76 87
83 87
fn=__pthread_enable_asynccancel
31 29
32 29
33 58
37 58
39 58
42 116
45 58
56 58
fl=./nptl/./nptl/cleanup_compat.c
fn=_pthread_cleanup_pop@@GLIBC_2.34
40 17
43 34
47 34
49 17
fn=_pthread_cleanup_push@@GLIBC_2.34
25 17
28 17
29 17
30 34
32 17
33 17
fl=./nptl/./nptl/futex-internal.c
fn=__futex_abstimed_wait_cancelable64
57 180
77 20
80 20
83 30
84 20
103 80
113 10
138 80
141 60
fl=./nptl/./nptl/libc-cleanup.c
fn=__libc_cleanup_pop_restore
54 2
55 2
57 4
59 2
60 6
71 2
fn=__libc_cleanup_push_defer
24 2
25 2
27 4
29 4
32 4
46 6
48 2
49 2
fl=./nptl/./nptl/nptl-stack.c
fn=__nptl_deallocate_stack
29 16
37 16
44 48
52 16
104 48
105 48
112 96
113 80
117 16
123 32
129 64
130 64
fn=__nptl_stack_list_add
43 16
44 64
52 16
53 16
fn=__nptl_stack_list_del
28 14
29 28
37 14
38 14
fl=./nptl/./nptl/nptl_deallocate_tsd.c
fn=__nptl_deallocate_tsd
23 16
28 64
110 16
fl=./nptl/./nptl/nptl_free_tcb.c
fn=__nptl_free_tcb
25 96
27 32
31 48
42 32
44 32
fl=./nptl/./nptl/pthread_attr_copy.c
fn=__pthread_attr_copy
25 208
29 128
32 16
38 48
61 128
62 16
63 176
fl=./nptl/./nptl/pthread_attr_destroy.c
fn=pthread_attr_destroy
26 16
36 48
44 32
fl=./nptl/./nptl/pthread_create.c
fn=create_thread
236 192
240 80
244 32
247 32
248 32
287 176
290 16
297 64
298 32
303 16
309 32
321 32
332 16
333 176
fn=pthread_create@@GLIBC_2.34
81 2
82 1
83 4
90 6
609 64
626 256
632 32
635 1
638 3
644 16
645 64
647 64
648 32
650 32
663 8
674 16
677 16
683 32
684 32
685 16
688 16
689 64
690 48
694 16
695 64
700 64
703 64
708 32
709 32
713 32
718 32
730 32
731 32
751 32
752 24
755 48
757 16
767 16
772 32
780 48
791 32
836 112
843 32
883 32
893 32
897 32
898 32
901 208
fn=start_thread
338 176
345 32
367 64
370 16
373 48
377 16
388 80
405 64
419 32
423 96
426 32
429 32
431 32
433 16
437 32
447 64
448 16
452 16
455 16
458 16
461 48
492 32
494 32
508 96
515 80
516 32
517 64
552 48
553 48
556 48
573 48
578 64
599 80
fl=./nptl/./nptl/pthread_getattr_default_np.c
fn=pthread_getattr_default_np@@GLIBC_2.34
24 96
25 64
26 48
27 64
29 48
fl=./nptl/./nptl/pthread_join.c
fn=pthread_join@@GLIBC_2.34
23 16
24 64
fl=./nptl/./nptl/pthread_join_common.c
fn=__pthread_clockjoin_ex
39 192
43 96
48 80
52 16
55 16
57 32
58 32
74 80
84 32
89 96
94 94
102 50
104 40
111 64
114 16
118 16
121 32
125 48
130 16
133 176
fl=./nptl/./nptl/pthread_mutex_conf.c
fn=__pthread_tunables_init
55 8
56 5
58 4
60 4
62 6
fl=./nptl/./nptl/pthread_mutex_lock.c
fn=pthread_mutex_lock@@GLIBC_2.2.5
44 33
45 132
48 132
77 165
80 99
82 33
84 66
88 66
90 48
94 48
97 34
108 68
112 17
115 34
124 33
130 51
131 34
179 33
182 33
184 33
187 33
190 99
fl=./nptl/./nptl/pthread_mutex_unlock.c
fn=pthread_mutex_unlock@@GLIBC_2.2.5
39 33
40 132
43 132
51 99
52 66
57 66
62 33
65 33
70 33
72 33
74 34
80 68
84 51
87 34
367 132
369 66
fl=./nptl/./nptl/pthread_once.c
fn=__pthread_once_slow
68 11
76 1
80 2
88 2
92 2
101 4
114 13
116 1
118 3
124 1
132 10
fn=pthread_once@@GLIBC_2.34
136 31
139 31
140 62
143 1
144 60
fl=./posix/../malloc/dynarray-skeleton.c
fn=__unregister_atfork
243 5
fl=./posix/../sysdeps/unix/sysv/linux/_exit.c
fn=_Exit
27 2
30 4
fl=./posix/./posix/register-atfork.c
fn=__unregister_atfork
71 10
82 30
83 20
109 20
110 15
fl=./resolv/./resolv/res-close.c
fn=__res_thread_freeres
131 112
132 16
134 80
142 96
fl=./resolv/./resolv/resolv_context.c
fn=__resolv_context_freeres
242 144
244 32
245 16
246 32
252 128
fl=./resource/../sysdeps/unix/sysv/linux/getrlimit64.c
fn=getrlimit
38 2
39 7
40 1
fl=./setjmp/../sysdeps/x86_64/bsd-_setjmp.S
fn=_setjmp
28 17
30 17
32 17
fl=./setjmp/../sysdeps/x86_64/setjmp.S
fn=__sigsetjmp
31 30
33 30
42 30
43 60
44 30
48 30
49 30
50 30
51 30
52 30
54 60
56 30
57 30
58 30
60 60
62 30
67 17
68 17
70 13
73 13
74 13
81 13
82 13
85 17
fl=./setjmp/./setjmp/sigjmp.c
fn=__sigjmp_save
28 102
29 17
30 34
34 68
fl=./signal/../string/bits/string_fortified.h
fn=__libc_sigaction
29 16
fl=./signal/../sysdeps/unix/sysv/linux/libc_sigaction.c
fn=__libc_sigaction
43 8
48 2
50 2
53 5
58 11
63 4
71 6
fl=./stdio-common/../include/../locale/localeinfo.h
fn=__printf_fp_l_buffer
331 51
fl=./stdio-common/../include/printf_buffer.h
fn=__printf_buffer
163 64
fn=__printf_fp_buffer_1.isra.0
163 102
fl=./stdio-common/../include/rounding-mode.h
fn=__printf_fp_buffer_1.isra.0
52 52
58 18
fl=./stdio-common/../string/bits/string_fortified.h
fn=__printf_buffer_write
29 147
fn=__printf_fp_buffer_1.isra.0
29 80
fl=./stdio-common/../sysdeps/generic/get-rounding-mode.h
fn=__printf_fp_buffer_1.isra.0
94 17
95 119
fl=./stdio-common/../sysdeps/pthread/allocalim.h
fn=__printf_fp_buffer_1.isra.0
27 34
29 85
fl=./stdio-common/./stdio-common/Xprintf_buffer_done.c
fn=__printf_buffer_done
25 33
26 99
31 66
33 396
40 33
fl=./stdio-common/./stdio-common/Xprintf_buffer_write.c
fn=__printf_buffer_write
27 792
28 297
31 394
33 245
36 49
37 98
40 147
41 49
44 594
fl=./stdio-common/./stdio-common/_itoa.c
fn=_itoa_word
169 16
172 64
174 32
183 1152
192 32
fl=./stdio-common/./stdio-common/printf-parse.h
fn=__printf_buffer
82 297
fl=./stdio-common/./stdio-common/printf_fp.c
fn=__printf_fp_buffer_1.isra.0
91 116
93 102
95 74
96 10
101 64
105 224
107 128
108 32
110 64
111 160
118 32
122 96
123 64
124 130
127 6
138 306
159 136
177 17
187 17
221 34
222 17
226 51
230 289
234 17
266 85
267 17
268 34
271 289
272 272
273 272
279 17
280 34
283 16
293 16
294 112
297 48
301 64
305 64
306 16
308 96
309 144
310 32
311 112
313 32
318 208
322 1232
324 96
327 96
337 32
368 64
369 128
385 288
388 64
389 64
390 80
391 64
394 208
396 416
397 32
403 48
407 192
411 64
413 32
439 32
442 128
458 64
460 48
461 96
463 96
477 32
483 2
486 1
496 1
499 3
500 5
501 2
503 1
504 4
506 1
509 12
511 24
621 12
623 58
625 2
629 5
630 2
631 3
633 2
634 6
636 1
642 1
643 2
644 1
645 4
647 3
665 51
669 2
674 102
676 34
680 34
686 34
688 34
689 37
692 51
694 144
696 32
701 2
731 5
738 64
746 51
759 289
760 34
763 53
766 256
769 96
771 16
773 96
775 48
781 2
782 1
783 4
787 17
788 85
789 85
790 136
792 34
793 34
794 102
795 68
796 6
805 85
806 68
808 119
809 4
810 15
813 8
830 18
834 14
835 67
837 2
838 4
840 27
842 18
844 18
855 18
924 78
931 16
935 51
980 119
983 34
987 85
991 51
994 68
996 136
999 68
1001 51
1003 34
1006 34
1009 51
1022 68
1024 51
1028 51
1030 187
fn=__printf_fp_l_buffer
1099 323
1102 51
1111 17
1112 34
1115 85
1116 85
1117 51
1122 119
1126 17
1147 187
fn=hack_digit
88 245
91 155
93 147
95 100
96 5
101 96
105 336
107 192
108 48
110 96
111 288
118 96
122 192
123 96
124 220
127 1
128 245
fl=./stdio-common/./stdio-common/snprintf.c
fn=snprintf
26 192
30 96
31 48
35 80
fl=./stdio-common/./stdio-common/vfprintf-internal.c
fn=__printf_buffer
263 51
264 51
266 17
600 495
627 165
631 33
634 33
638 132
642 33
653 99
654 66
655 99
659 66
663 264
683 33
684 33
685 33
686 33
687 33
690 66
691 33
692 33
693 33
694 33
695 33
698 33
699 33
705 462
709 17
744 34
784 16
813 17
814 51
818 34
819 68
834 119
837 102
855 238
883 16
891 34
973 133
976 578
996 187
997 34
1001 17
1018 33
1024 33
1028 99
1029 66
1031 66
1044 363
fl=./stdio-common/./stdio-common/vfprintf-process-arg.c
fn=__printf_buffer
66 16
67 16
92 16
93 16
94 16
126 32
128 32
130 32
131 128
136 48
138 32
155 240
161 144
166 96
170 32
186 80
187 144
195 80
197 48
199 64
201 112
206 32
208 64
211 32
224 32
233 32
236 32
240 80
fl=./stdlib/../sysdeps/ieee754/dbl-64/dbl2mpn.c
fn=__mpn_extract_double
33 51
35 17
37 51
38 85
47 51
56 51
103 34
107 34
fl=./stdlib/../sysdeps/x86_64/lshift.S
fn=__mpn_lshift
28 17
29 17
30 17
32 17
33 17
34 17
46 17
47 17
48 17
49 17
50 17
51 17
52 17
58 17
59 17
60 17
fl=./stdlib/../sysdeps/x86_64/mul_1.S
fn=__mpn_mul_1
31 84
32 84
35 84
36 84
37 84
38 84
39 84
41 84
42 84
44 84
45 84
46 84
47 84
48 83
50 83
51 83
52 83
53 83
79 1
80 1
81 1
82 1
83 1
84 1
85 1
86 1
87 1
113 1
114 1
115 1
117 1
118 1
119 1
120 1
121 1
122 84
124 84
127 84
fl=./stdlib/../sysdeps/x86_64/rshift.S
fn=__mpn_rshift
28 33
29 33
30 33
31 33
44 33
45 33
61 33
62 33
63 33
64 33
65 33
66 33
67 33
72 33
73 33
74 33
75 33
76 33
fl=./stdlib/./stdlib/cmp.c
fn=__mpn_cmp
31 32
35 64
37 32
38 32
39 64
47 160
fl=./stdlib/./stdlib/cxa_atexit.c
fn=__cxa_atexit
41 24
43 96
44 24
46 24
52 36
53 12
54 12
55 12
56 12
57 48
58 12
67 84
69 72
fn=__new_exitfn
80 60
81 12
86 24
91 76
93 48
94 55
101 1
104 22
122 1
123 1
129 33
130 22
134 1
136 12
137 12
141 60
fl=./stdlib/./stdlib/cxa_finalize.c
fn=__cxa_finalize
30 50
33 35
36 35
40 196
41 132
43 22
45 11
76 11
78 33
81 44
82 33
83 44
87 33
93 35
97 30
105 10
106 20
107 40
fl=./stdlib/./stdlib/cxa_thread_atexit_impl.c
fn=__call_tls_dtors
148 85
149 68
165 68
fl=./stdlib/./stdlib/divrem.c
fn=__mpn_divrem
46 1120
47 80
49 160
62 80
63 80
65 160
67 2
68 4
72 758
73 222
76 160
79 80
81 80
234 720
fl=./stdlib/./stdlib/exit.c
fn=__run_exit_handlers
38 12
40 2
41 2
43 5
54 2
56 2
60 1
64 39
66 24
67 12
69 106
94 2
101 1
102 1
103 1
104 3
107 4
108 3
109 4
113 3
119 3
120 2
126 4
128 2
129 2
131 2
fn=exit
137 3
138 4
fl=./stdlib/./stdlib/getenv.c
fn=getenv
24 9
25 8
28 2
29 263
31 130
32 66
37 9
fl=./stdlib/./stdlib/secure-getenv.c
fn=secure_getenv
28 1
29 5
fl=./string/../include/rtld-malloc.h
fn=strdup
56 12
fl=./string/../string/strcspn.c
fn=strcspn
32 6
33 3
34 2
39 6
40 4
41 4
42 4
44 1
47 9
48 6
51 4
52 4
53 4
54 4
56 3
61 13
62 26
63 26
64 26
65 13
67 78
69 1
70 4
71 3
fl=./string/../sysdeps/unix/sysv/linux/tls-internal.c
fn=__glibc_tls_internal_free
24 80
25 16
26 32
27 32
28 32
fl=./string/../sysdeps/x86/cacheinfo.c
fn=__x86_cacheinfo
86 1
fl=./string/../sysdeps/x86/cacheinfo.h
fn=__x86_cacheinfo
59 1
62 3
64 3
65 1
71 3
73 3
74 1
78 2
80 2
81 2
82 2
84 2
86 2
fl=./string/../sysdeps/x86_64/multiarch/../multiarch/memcmp-sse2.S
fn=bcmp
59 1
71 1
72 1
94 1
95 1
140 1
141 1
143 1
144 1
146 1
147 1
149 1
150 1
197 1
198 1
199 1
200 1
201 1
202 1
fl=./string/../sysdeps/x86_64/multiarch/../multiarch/memset-vec-unaligned-erms.S
fn=memset
132 60
133 300
138 60
139 60
142 37
143 37
145 17
146 17
147 17
244 20
245 20
257 20
260 20
261 20
273 20
274 20
287 20
288 20
290 20
293 3
296 6
299 93
300 93
301 93
302 93
303 93
304 93
305 93
308 20
309 20
310 20
311 20
316 20
350 23
352 23
353 23
392 23
393 23
395 23
fl=./string/../sysdeps/x86_64/multiarch/../multiarch/strchr-sse2.S
fn=index
32 28
33 28
34 28
35 28
36 28
37 28
38 28
39 28
40 28
41 28
42 28
43 28
44 28
45 28
46 28
47 28
48 28
49 28
50 23
54 23
55 23
56 23
57 23
59 23
63 5
64 5
65 5
66 5
67 5
68 5
69 5
70 5
71 5
72 5
73 5
74 5
75 5
76 5
77 5
78 5
79 5
80 5
81 5
82 5
83 5
84 5
85 5
86 5
138 5
142 5
143 5
144 5
145 5
147 5
fl=./string/../sysdeps/x86_64/multiarch/../multiarch/strcmp-sse2.S
fn=strcmp
98 2320
131 2320
132 2320
134 2320
135 2320
156 2320
157 2320
158 2171
159 2171
160 2074
161 2074
162 2074
163 2074
180 2074
181 2074
182 2074
183 2074
184 2074
185 2074
186 2074
191 24
192 72
201 270
202 270
203 270
204 270
205 270
206 270
207 270
208 270
209 190
210 104
211 104
212 104
214 190
215 190
216 190
217 190
218 190
219 190
229 80
230 80
231 80
233 80
239 80
240 80
241 80
242 80
243 80
248 80
250 73
251 73
252 146
260 73
261 73
264 73
265 73
266 73
267 73
268 73
269 73
300 6
301 6
302 6
303 6
304 6
306 6
307 6
308 6
309 6
310 6
311 6
312 6
313 6
316 6
317 6
318 6
324 6
325 6
326 12
330 6
331 6
334 6
335 6
336 6
338 6
339 6
340 6
344 6
345 6
346 6
347 6
348 6
349 6
542 3
543 3
544 3
545 3
546 3
548 3
549 3
550 3
551 3
552 3
553 3
554 3
661 3
662 3
663 3
664 3
665 3
667 3
668 3
669 3
670 3
671 3
672 3
673 3
780 6
781 6
782 6
783 6
784 6
786 6
787 6
788 6
789 6
790 6
791 6
792 6
793 5
797 5
798 5
799 5
805 5
806 5
807 10
811 5
812 5
815 5
816 5
817 5
819 5
820 5
821 5
825 5
826 5
827 5
828 5
829 5
830 5
899 3
900 3
901 3
902 3
903 3
905 3
906 3
907 3
908 3
909 3
910 3
911 3
912 2
916 2
917 2
918 2
924 2
925 2
926 4
930 2
931 2
934 2
935 2
936 2
938 2
939 2
940 2
944 2
945 2
946 2
947 2
948 2
949 2
956 1
957 1
959 1
960 1
962 1
963 1
964 1
966 1
967 1
968 1
972 1
973 1
974 1
975 1
976 1
977 1
1018 6
1019 6
1020 6
1021 6
1022 6
1024 6
1025 6
1026 6
1027 6
1028 6
1029 6
1030 6
1031 5
1035 5
1036 5
1037 5
1043 5
1044 5
1045 10
1049 6
1050 6
1053 6
1054 6
1055 6
1057 6
1058 6
1059 6
1063 6
1064 6
1065 6
1066 6
1067 6
1068 6
1075 1
1076 1
1078 1
1079 1
1081 1
1082 1
1083 1
1085 1
1086 1
1087 1
1091 1
1092 1
1093 1
1094 1
1095 1
1096 1
1103 1
1104 1
1105 1
1137 13
1138 13
1139 13
1140 13
1141 13
1143 13
1144 13
1145 13
1146 13
1147 13
1148 13
1149 13
1150 5
1154 5
1155 5
1156 5
1162 5
1163 5
1164 10
1168 5
1169 5
1172 5
1173 5
1174 5
1176 5
1177 5
1178 5
1182 5
1183 5
1184 5
1185 5
1186 5
1187 5
1256 15
1257 15
1258 15
1259 15
1260 15
1262 15
1263 15
1264 15
1265 15
1266 15
1267 15
1268 15
1269 5
1273 5
1274 5
1275 5
1281 5
1282 5
1283 10
1287 5
1288 5
1291 5
1292 5
1293 5
1295 5
1296 5
1297 5
1301 5
1302 5
1303 5
1304 5
1305 5
1306 5
1375 9
1376 9
1377 9
1378 9
1379 9
1381 9
1382 9
1383 9
1384 9
1385 9
1386 9
1387 9
1388 9
1392 9
1393 9
1394 9
1400 9
1401 9
1402 18
1406 9
1407 9
1410 9
1411 9
1412 9
1414 9
1415 9
1416 9
1420 9
1421 9
1422 9
1423 9
1424 9
1425 9
1494 30
1495 30
1496 30
1497 30
1498 30
1500 30
1501 30
1502 30
1503 30
1504 30
1505 30
1506 30
1507 9
1511 9
1512 9
1513 9
1519 9
1520 9
1521 18
1525 10
1526 10
1529 10
1530 10
1531 10
1533 10
1534 10
1535 10
1539 10
1540 10
1541 10
1542 10
1543 10
1544 10
1551 1
1552 1
1554 1
1555 1
1557 1
1558 1
1559 1
1561 1
1562 1
1563 1
1567 1
1568 1
1569 1
1570 1
1571 1
1572 1
1579 1
1580 1
1581 1
1613 30
1614 30
1615 30
1616 30
1617 30
1619 30
1620 30
1621 30
1622 30
1623 30
1624 30
1625 30
1626 5
1630 5
1631 5
1632 5
1638 5
1639 5
1640 10
1644 6
1645 6
1648 6
1649 6
1650 6
1652 6
1653 6
1654 6
1658 6
1659 6
1660 6
1661 6
1662 6
1663 6
1670 3
1671 3
1673 3
1674 3
1676 3
1677 3
1678 3
1680 3
1681 3
1682 3
1686 3
1687 3
1688 3
1689 3
1690 3
1691 3
1698 1
1699 1
1700 1
1732 23
1733 23
1734 23
1735 23
1736 23
1738 23
1739 23
1740 23
1741 23
1742 23
1743 23
1744 23
1745 17
1749 17
1750 17
1751 17
1757 17
1758 17
1759 34
1763 17
1764 17
1767 17
1768 17
1769 17
1771 17
1772 17
1773 17
1777 17
1778 17
1779 17
1780 17
1781 17
1782 17
1789 2
1790 2
1792 2
1793 2
1795 2
1796 2
1797 2
1799 2
1800 2
1801 2
1805 2
1806 2
1807 2
1808 2
1809 2
1810 2
1851 21
1852 21
1853 21
1854 21
1855 21
1857 21
1858 21
1859 21
1860 21
1861 21
1862 21
1863 21
1864 11
1868 11
1869 11
1870 11
1876 11
1877 11
1878 22
1882 13
1883 13
1886 13
1887 13
1888 13
1890 13
1891 13
1892 13
1896 13
1897 13
1898 13
1899 13
1900 13
1901 13
1908 3
1909 3
1911 3
1912 3
1914 3
1915 3
1916 3
1918 3
1919 3
1920 3
1924 3
1925 3
1926 3
1927 3
1928 3
1929 3
1936 2
1937 2
1938 2
1970 22
1971 22
1972 22
1973 22
1974 22
1976 22
1977 22
1978 22
1979 22
1980 22
1981 22
1982 22
1984 5
1988 5
1989 5
1990 5
1996 5
1997 5
1999 10
2003 5
2004 5
2007 5
2008 5
2009 5
2011 5
2012 5
2013 5
2017 5
2018 5
2019 5
2020 5
2021 5
2022 5
2029 2
2030 2
2032 2
2033 2
2035 2
2036 2
2037 2
2039 2
2040 2
2041 2
2045 2
2046 2
2047 2
2048 2
2049 2
2050 2
2093 157
2095 270
2096 270
2097 270
2098 270
2099 208
2104 2320
2110 2320
2111 2320
2119 2320
2120 2320
fn=strncmp
98 1
125 1
126 1
127 1
128 1
129 1
131 1
132 1
134 1
135 1
156 1
157 1
158 1
159 1
160 1
161 1
162 1
163 1
180 1
181 1
182 1
183 1
184 1
185 1
186 1
2104 1
2107 1
2108 1
2110 1
2111 1
2119 1
2120 1
fl=./string/../sysdeps/x86_64/multiarch/../multiarch/strlen-sse2.S
fn=strlen
57 30
101 30
102 30
103 30
104 30
105 30
106 30
107 30
109 30
111 30
142 29
143 29
144 29
145 29
146 29
147 15
149 15
153 14
154 14
155 14
156 14
157 14
158 14
159 14
160 14
161 14
162 14
163 14
164 14
169 112
173 1
174 14
175 6
190 1
191 1
192 2
243 1
244 1
245 1
246 1
247 1
248 1
249 1
250 1
266 1
268 1
269 14
271 1
272 1
273 1
275 1
fl=./string/../sysdeps/x86_64/multiarch/ifunc-avx2.h
fn=memrchr
38 4
40 3
41 2
42 3
45 2
46 2
49 3
52 6
fn=rindex
38 4
40 3
41 2
42 3
45 2
46 2
49 3
52 6
fn=strchrnul
38 4
40 3
41 2
42 3
45 2
46 2
49 3
52 6
fn=strlen
38 8
40 6
41 4
42 6
45 4
46 4
49 6
52 12
fn=strnlen
38 8
40 6
41 4
42 6
45 4
46 4
49 6
52 12
fl=./string/../sysdeps/x86_64/multiarch/ifunc-evex.h
fn=memchr
37 8
38 6
39 6
42 4
43 4
45 4
51 6
54 8
fl=./string/../sysdeps/x86_64/multiarch/ifunc-memcmp.h
fn=bcmp
34 10
35 4
36 4
37 6
40 4
41 4
44 6
47 8
fl=./string/../sysdeps/x86_64/multiarch/ifunc-memmove.h
fn=memcpy@@GLIBC_2.14
56 4
57 6
60 6
61 4
74 4
77 4
85 4
93 4
96 10
fn=memmove
56 2
57 3
60 3
61 2
74 2
77 2
85 2
93 2
96 5
fn=mempcpy
56 2
57 3
60 3
61 2
74 2
77 2
85 2
93 2
96 5
fl=./string/../sysdeps/x86_64/multiarch/ifunc-memset.h
fn=memset
54 5
57 3
58 2
64 2
73 2
75 2
85 2
93 2
96 5
fl=./string/../sysdeps/x86_64/multiarch/ifunc-sse4_2.h
fn=strcspn
36 5
fn=strpbrk
36 5
fn=strspn
36 5
fl=./string/../sysdeps/x86_64/multiarch/ifunc-strcasecmp.h
fn=strcasecmp
36 4
37 2
38 3
41 2
42 2
45 3
48 5
fn=strcasecmp_l
36 4
37 2
38 3
41 2
42 2
45 3
48 5
fn=strncasecmp
36 4
37 2
38 3
41 2
42 2
45 3
48 5
fn=strncasecmp_l
36 4
37 2
38 3
41 2
42 2
45 3
48 5
fl=./string/../sysdeps/x86_64/multiarch/ifunc-strcpy.h
fn=stpcpy
38 4
39 3
42 2
43 2
46 3
49 3
fn=strcat
38 4
39 3
42 2
43 2
46 3
49 3
fn=strcpy
38 4
39 3
42 2
43 2
46 3
49 3
fl=./string/../sysdeps/x86_64/multiarch/ifunc-strncpy.h
fn=stpncpy
35 5
36 3
39 2
40 2
43 3
46 4
fn=strncpy
35 5
36 3
39 2
40 2
43 3
46 4
fl=./string/../sysdeps/x86_64/multiarch/memchr-avx2.S
fn=__memchr_avx2
61 17
68 17
70 17
73 17
74 17
76 17
77 17
78 17
79 17
82 17
83 17
86 17
87 17
101 17
106 17
113 17
114 17
115 17
116 17
fl=./string/../sysdeps/x86_64/multiarch/memchr.c
fn=memchr
29 4
fl=./string/../sysdeps/x86_64/multiarch/memcmp-avx2-movbe.S
fn=__memcmp_avx2_movbe
73 50
80 50
81 50
84 1
85 1
86 1
90 1
91 1
93 1
94 1
97 1
98 1
99 1
102 1
103 1
106 1
107 1
110 1
111 1
112 1
113 1
114 1
115 1
116 1
117 1
118 1
119 1
122 1
123 1
129 1
130 1
131 1
132 1
136 1
137 1
139 1
140 1
141 1
142 1
145 1
146 1
147 1
148 1
149 1
150 1
152 2
156 39
166 39
167 39
168 39
171 78
401 49
402 49
407 49
408 49
409 49
410 49
411 49
414 49
415 49
416 49
417 49
420 49
421 49
422 10
423 20
fl=./string/../sysdeps/x86_64/multiarch/memcmp.c
fn=bcmp
29 8
fl=./string/../sysdeps/x86_64/multiarch/memcmpeq.c
fn=memcpy@@GLIBC_2.14
29 2
fl=./string/../sysdeps/x86_64/multiarch/memmove-vec-unaligned-erms.S
fn=__memcpy_avx_unaligned_erms
255 114
256 114
262 181
263 181
265 2
266 2
267 2
270 2
271 2
272 2
275 4
305 179
306 179
308 95
309 95
311 94
315 94
316 8
317 8
318 8
319 8
320 8
321 8
323 8
325 8
331 86
332 86
333 86
334 86
335 86
342 84
343 84
344 84
345 84
347 84
364 1
365 1
366 1
367 1
368 1
fn=__mempcpy_avx_unaligned_erms
242 67
243 67
244 67
245 67
fn=memcpy
210 33
211 33
217 108
218 108
220 48
221 48
222 48
224 31
225 31
226 31
228 31
308 60
309 60
311 39
315 39
316 39
317 39
318 1
319 1
323 1
325 39
364 21
365 21
366 21
367 21
368 21
375 16
376 16
377 16
378 16
379 16
380 16
381 16
392 17
393 17
395 16
396 16
397 16
417 1
418 1
422 1
424 1
440 1
443 1
445 1
447 1
451 1
452 1
461 1
462 1
464 1
466 1
467 1
468 1
471 1
473 1
475 1
477 1
483 3
484 3
485 3
486 3
487 3
488 3
489 3
490 3
491 3
492 3
493 3
494 3
496 1
497 1
498 1
499 1
501 1
505 1
fn=mempcpy
197 75
198 75
199 75
200 75
fl=./string/../sysdeps/x86_64/multiarch/memmove.c
fn=memmove
29 1
fl=./string/../sysdeps/x86_64/multiarch/mempcpy.c
fn=mempcpy
33 1
fl=./string/../sysdeps/x86_64/multiarch/memrchr.c
fn=memrchr
29 3
fl=./string/../sysdeps/x86_64/multiarch/memset-vec-unaligned-erms.S
fn=__memset_avx2_unaligned_erms
158 16
159 32
164 16
165 16
166 16
167 16
168 16
237 16
238 16
244 16
245 16
257 16
260 16
261 16
273 16
274 16
287 16
288 16
290 16
293 16
296 16
299 16
300 16
301 16
302 16
303 16
304 16
305 32
308 16
309 16
310 16
311 16
314 32
fl=./string/../sysdeps/x86_64/multiarch/memset.c
fn=memset
29 1
fl=./string/../sysdeps/x86_64/multiarch/stpcpy.c
fn=stpcpy
33 3
fl=./string/../sysdeps/x86_64/multiarch/stpncpy.c
fn=stpncpy
31 3
fl=./string/../sysdeps/x86_64/multiarch/strcasecmp.c
fn=strcasecmp
31 3
fl=./string/../sysdeps/x86_64/multiarch/strcasecmp_l.c
fn=strcasecmp_l
31 3
fl=./string/../sysdeps/x86_64/multiarch/strcat.c
fn=strcat
29 3
fl=./string/../sysdeps/x86_64/multiarch/strchr-avx2.S
fn=__strchrnul_avx2
53 66
55 66
56 66
57 66
58 66
59 66
62 66
63 66
67 66
68 66
69 66
70 66
71 66
72 66
73 66
74 66
87 66
89 132
fl=./string/../sysdeps/x86_64/multiarch/strchr.c
fn=index
42 4
43 2
44 3
47 2
48 2
51 3
54 3
65 3
fl=./string/../sysdeps/x86_64/multiarch/strchrnul.c
fn=strchrnul
31 3
fl=./string/../sysdeps/x86_64/multiarch/strcmp-avx2.S
fn=__strncmp_avx2
206 11
230 11
235 11
249 11
274 11
275 11
276 11
278 11
279 11
283 11
287 11
289 11
291 11
294 11
296 11
297 11
308 11
318 11
319 11
322 11
326 22
331 11
332 11
333 11
fl=./string/../sysdeps/x86_64/multiarch/strcmp.c
fn=strcmp
47 4
48 2
49 3
52 2
53 2
56 3
59 3
79 3
fl=./string/../sysdeps/x86_64/multiarch/strcpy.c
fn=strcpy
29 3
fl=./string/../sysdeps/x86_64/multiarch/strcspn.c
fn=strcspn
29 2
fl=./string/../sysdeps/x86_64/multiarch/strlen-avx2.S
fn=__strlen_avx2
52 130
65 130
66 130
67 130
70 130
72 130
73 130
76 130
77 130
85 130
86 130
87 127
92 254
118 3
131 3
132 3
133 3
139 6
221 3
236 3
242 3
243 3
244 3
fl=./string/../sysdeps/x86_64/multiarch/strlen.c
fn=strlen
29 6
fl=./string/../sysdeps/x86_64/multiarch/strncase.c
fn=strncasecmp
31 3
fl=./string/../sysdeps/x86_64/multiarch/strncase_l.c
fn=strncasecmp_l
31 3
fl=./string/../sysdeps/x86_64/multiarch/strncmp.c
fn=strncmp
43 4
44 2
45 3
48 2
49 2
52 3
55 5
67 3
fl=./string/../sysdeps/x86_64/multiarch/strncpy.c
fn=strncpy
29 3
fl=./string/../sysdeps/x86_64/multiarch/strnlen.c
fn=strnlen
31 6
fl=./string/../sysdeps/x86_64/multiarch/strpbrk.c
fn=strpbrk
29 2
fl=./string/../sysdeps/x86_64/multiarch/strrchr-avx2.S
fn=__strrchr_avx2
53 1
54 1
55 1
57 1
58 1
62 1
63 1
64 1
67 1
69 1
70 1
71 1
72 1
75 1
76 1
78 1
79 1
80 1
81 1
82 1
91 2
fl=./string/../sysdeps/x86_64/multiarch/strrchr.c
fn=rindex
28 3
fl=./string/../sysdeps/x86_64/multiarch/strspn.c
fn=strspn
29 2
fl=./string/./string/strdup.c
fn=strdup
40 36
41 12
44 12
47 24
48 18
fl=./sunrpc/./sunrpc/rpc_thread.c
fn=__rpc_thread_destroy
21 80
22 32
24 32
39 64
fl=./time/../sysdeps/unix/sysv/linux/clock_gettime.c
fn=clock_gettime@@GLIBC_2.17
30 32
38 64
40 64
44 64
68 64
69 64
fl=./wcsmbs/../sysdeps/x86_64/multiarch/ifunc-avx2.h
fn=wcschr
38 8
40 6
41 4
42 6
45 4
46 4
49 6
52 12
fn=wcscmp
38 4
40 3
41 2
42 3
45 2
46 2
49 3
52 6
fl=./wcsmbs/../sysdeps/x86_64/multiarch/ifunc-evex.h
fn=wmemchr
37 8
38 6
39 6
42 4
43 4
45 4
51 6
54 8
fl=./wcsmbs/../sysdeps/x86_64/multiarch/ifunc-memcmp.h
fn=wmemcmp
34 5
35 2
36 2
37 3
40 2
41 2
44 3
47 4
fl=./wcsmbs/../sysdeps/x86_64/multiarch/ifunc-wcs.h
fn=wcpncpy
39 4
40 3
41 3
44 2
45 3
48 4
fn=wcscat
39 4
40 3
41 3
44 2
45 3
48 4
fn=wcsncpy
39 4
40 3
41 3
44 2
45 3
48 4
fl=./wcsmbs/../sysdeps/x86_64/multiarch/ifunc-wcslen.h
fn=wcslen
40 4
41 2
42 3
45 2
46 2
49 3
52 3
fn=wcsnlen
40 4
41 2
42 3
45 2
46 2
49 3
52 3
fl=./wcsmbs/../sysdeps/x86_64/multiarch/ifunc-wmemset.h
fn=wmemset
36 10
37 6
fl=./wcsmbs/../sysdeps/x86_64/multiarch/wcpcpy.c
fn=wcpncpy
31 1
fl=./wcsmbs/../sysdeps/x86_64/multiarch/wcpncpy.c
fn=wcpncpy
31 1
fl=./wcsmbs/../sysdeps/x86_64/multiarch/wcscat.c
fn=wcscat
31 2
fn=wcschr
31 2
fl=./wcsmbs/../sysdeps/x86_64/multiarch/wcschr.c
fn=wcschr
31 4
fl=./wcsmbs/../sysdeps/x86_64/multiarch/wcscmp.c
fn=wcscmp
30 3
fl=./wcsmbs/../sysdeps/x86_64/multiarch/wcscpy.c
fn=wcscpy
42 4
43 2
44 3
46 2
47 3
50 3
60 2
fl=./wcsmbs/../sysdeps/x86_64/multiarch/wcslen.c
fn=wcslen
29 3
fl=./wcsmbs/../sysdeps/x86_64/multiarch/wcsncpy.c
fn=wcsncpy
31 2
fl=./wcsmbs/../sysdeps/x86_64/multiarch/wcsnlen.c
fn=wcsnlen
30 3
fl=./wcsmbs/../sysdeps/x86_64/multiarch/wmemchr.c
fn=wmemchr
31 4
fl=./wcsmbs/../sysdeps/x86_64/multiarch/wmemcmp.c
fn=wmemcmp
29 4
fl=./wcsmbs/../sysdeps/x86_64/multiarch/wmemset.c
fn=wmemset
31 4
fl=./wcsmbs/./wcsmbs/btowc.c
fn=btowc
32 2560
37 1792
42 512
46 384
47 256
48 256
52 512
55 1152
94 1792
fl=./wcsmbs/./wcsmbs/wctob.c
fn=wctob
30 1280
39 384
44 256
45 128
79 1152
fl=./wcsmbs/./wcsmbsload.h
fn=btowc
69 128
70 384
fl=./wctype/./wctype/wctype_l.c
fn=wctype_l
26 110
29 20
32 30
33 68
35 174
37 410
40 48
41 96
45 20
46 10
47 80
fl=???
fn=(below main)
0 12
fn=???
0 8179
fn=OneCacheLiner::OneCacheLiner()
0 11
fn=_GLOBAL__sub_I_cout_mutex
0 6
fn=__cpu_indicator_init
0 367
fn=__cxa_get_globals
0 16
fn=__gnu_cxx::stdio_sync_filebuf<char, std::char_traits<char> >::overflow(int)
0 28
fn=__gnu_cxx::stdio_sync_filebuf<char, std::char_traits<char> >::sync()
0 15
fn=__gnu_cxx::stdio_sync_filebuf<char, std::char_traits<char> >::xsputn(char const*, long)
0 408
fn=__gnu_cxx::stdio_sync_filebuf<wchar_t, std::char_traits<wchar_t> >::sync()
0 15
fn=__gthread_active_p()
0 160
fn=__gthread_mutex_lock(pthread_mutex_t*)
0 240
fn=__gthread_mutex_unlock(pthread_mutex_t*)
0 240
fn=__static_initialization_and_destruction_0()
0 9
fn=main
0 448
fn=now()
0 192
fn=operator delete(void*)
0 32
fn=operator delete(void*, unsigned long)
0 32
fn=operator new(unsigned long)
0 256
fn=std::_Head_base<0ul, std::thread::_State*, false>::_Head_base()
0 144
fn=std::_Head_base<0ul, std::thread::_State*, false>::_M_head(std::_Head_base<0ul, std::thread::_State*, false>&)
0 224
fn=std::_Head_base<0ul, void (*)(), false>::_Head_base(void (* const&)())
0 192
fn=std::_Head_base<0ul, void (*)(), false>::_M_head(std::_Head_base<0ul, void (*)(), false>&)
0 112
fn=std::_Head_base<1ul, std::default_delete<std::thread::_State>, true>::_Head_base()
0 112
fn=std::_Tuple_impl<0ul, std::thread::_State*, std::default_delete<std::thread::_State> >::_M_head(std::_Tuple_impl<0ul, std::thread::_State*, std::default_delete<std::thread::_State> >&)
0 320
fn=std::_Tuple_impl<0ul, std::thread::_State*, std::default_delete<std::thread::_State> >::_Tuple_impl()
0 224
fn=std::_Tuple_impl<0ul, void (*)()>::_M_head(std::_Tuple_impl<0ul, void (*)()>&)
0 160
fn=std::_Tuple_impl<0ul, void (*)()>::_Tuple_impl(void (* const&)())
0 224
fn=std::_Tuple_impl<1ul, std::default_delete<std::thread::_State> >::_Tuple_impl()
0 176
fn=std::__atomic_base<unsigned long>::operator unsigned long() const
0 448
fn=std::__atomic_base<unsigned long>::operator=(unsigned long)
0 608
fn=std::__cxx11::messages<char>::messages(unsigned long)
0 21
fn=std::__cxx11::messages<wchar_t>::messages(unsigned long)
0 21
fn=std::__cxx11::moneypunct<char, false>::_M_initialize_moneypunct(__locale_struct*, char const*)
0 114
fn=std::__cxx11::moneypunct<char, true>::_M_initialize_moneypunct(__locale_struct*, char const*)
0 115
fn=std::__cxx11::moneypunct<wchar_t, false>::_M_initialize_moneypunct(__locale_struct*, char const*)
0 109
fn=std::__cxx11::moneypunct<wchar_t, true>::_M_initialize_moneypunct(__locale_struct*, char const*)
0 109
fn=std::__cxx11::numpunct<char>::_M_initialize_numpunct(__locale_struct*)
0 417
fn=std::__cxx11::numpunct<wchar_t>::_M_initialize_numpunct(__locale_struct*)
0 353
fn=std::__invoke_result<void (*)()>::type std::__invoke<void (*)()>(void (*&&)())
0 208
fn=std::__is_constant_evaluated()
0 480
fn=std::__num_base::_S_format_float(std::ios_base const&, char*, char)
0 391
fn=std::__timepunct<char>::_M_initialize_timepunct(__locale_struct*)
0 132
fn=std::__timepunct<char>::__timepunct(std::__timepunct_cache<char>*, unsigned long)
0 24
fn=std::__timepunct<wchar_t>::_M_initialize_timepunct(__locale_struct*)
0 129
fn=std::__timepunct<wchar_t>::__timepunct(std::__timepunct_cache<wchar_t>*, unsigned long)
0 24
fn=std::__uniq_ptr_data<std::thread::_State, std::default_delete<std::thread::_State>, true, true>::__uniq_ptr_impl(std::thread::_State*)
0 224
fn=std::__uniq_ptr_impl<std::thread::_State, std::default_delete<std::thread::_State> >::_M_ptr()
0 320
fn=std::__uniq_ptr_impl<std::thread::_State, std::default_delete<std::thread::_State> >::__uniq_ptr_impl(std::thread::_State*)
0 304
fn=std::basic_ios<char, std::char_traits<char> >::_M_cache_locale(std::locale const&)
0 128
fn=std::basic_ios<char, std::char_traits<char> >::init(std::basic_streambuf<char, std::char_traits<char> >*)
0 96
fn=std::basic_ios<wchar_t, std::char_traits<wchar_t> >::_M_cache_locale(std::locale const&)
0 128
fn=std::basic_ios<wchar_t, std::char_traits<wchar_t> >::init(std::basic_streambuf<wchar_t, std::char_traits<wchar_t> >*)
0 96
fn=std::basic_ostream<char, std::char_traits<char> >& std::__ostream_insert<char, std::char_traits<char> >(std::basic_ostream<char, std::char_traits<char> >&, char const*, long)
0 2508
fn=std::basic_ostream<char, std::char_traits<char> >& std::operator<< <char, std::char_traits<char> >(std::basic_ostream<char, std::char_traits<char> >&, std::_Setprecision)
0 7
fn=std::basic_ostream<char, std::char_traits<char> >& std::operator<< <std::char_traits<char> >(std::basic_ostream<char, std::char_traits<char> >&, char const*)
0 880
fn=std::basic_ostream<char, std::char_traits<char> >& std::operator<< <std::char_traits<char> >(std::basic_ostream<char, std::char_traits<char> >&, char)
0 68
fn=std::basic_ostream<wchar_t, std::char_traits<wchar_t> >::flush()
0 174
fn=std::basic_ostream<wchar_t, std::char_traits<wchar_t> >::sentry::sentry(std::basic_ostream<wchar_t, std::char_traits<wchar_t> >&)
0 97
fn=std::chrono::_V2::system_clock::now()
0 512
fn=std::chrono::duration<double, std::ratio<1l, 1000l> > std::chrono::__duration_cast_impl<std::chrono::duration<double, std::ratio<1l, 1000l> >, std::ratio<1l, 1000000l>, double, true, false>::__cast<long, std::ratio<1l, 1000000000l> >(std::chrono::duration<long, std::ratio<1l, 1000000000l> > const&)
0 432
fn=std::chrono::duration<double, std::ratio<1l, 1000l> >::count() const
0 384
fn=std::chrono::duration<double, std::ratio<1l, 1000l> >::duration<double, void>(double const&)
0 192
fn=std::chrono::duration<double, std::ratio<1l, 1000l> >::duration<long, std::ratio<1l, 1000000000l>, void>(std::chrono::duration<long, std::ratio<1l, 1000000000l> > const&)
0 400
fn=std::chrono::duration<long, std::ratio<1l, 1000000000l> >::count() const
0 384
fn=std::chrono::duration<long, std::ratio<1l, 1000000000l> >::duration<long, void>(long const&)
0 192
fn=std::chrono::time_point<std::chrono::_V2::system_clock, std::chrono::duration<long, std::ratio<1l, 1000000000l> > >::time_since_epoch() const
0 256
fn=std::codecvt<char, char, __mbstate_t>::codecvt(unsigned long)
0 19
fn=std::codecvt<wchar_t, char, __mbstate_t>::codecvt(unsigned long)
0 19
fn=std::common_type<std::chrono::duration<long, std::ratio<1l, 1000000000l> >, std::chrono::duration<long, std::ratio<1l, 1000000000l> > >::type std::chrono::operator-<long, std::ratio<1l, 1000000000l>, long, std::ratio<1l, 1000000000l> >(std::chrono::duration<long, std::ratio<1l, 1000000000l> > const&, std::chrono::duration<long, std::ratio<1l, 1000000000l> > const&)
0 608
fn=std::common_type<std::chrono::duration<long, std::ratio<1l, 1000000000l> >, std::chrono::duration<long, std::ratio<1l, 1000000000l> > >::type std::chrono::operator-<std::chrono::_V2::system_clock, std::chrono::duration<long, std::ratio<1l, 1000000000l> >, std::chrono::duration<long, std::ratio<1l, 1000000000l> > >(std::chrono::time_point<std::chrono::_V2::system_clock, std::chrono::duration<long, std::ratio<1l, 1000000000l> > > const&, std::chrono::time_point<std::chrono::_V2::system_clock, std::chrono::duration<long, std::ratio<1l, 1000000000l> > > const&)
0 432
fn=std::ctype<char>::_M_widen_init() const
0 754
fn=std::ctype<char>::ctype(unsigned short const*, bool, unsigned long)
0 121
fn=std::ctype<wchar_t>::_M_convert_to_wmask(unsigned short) const
0 146
fn=std::ctype<wchar_t>::_M_initialize_ctype()
0 2736
fn=std::ctype<wchar_t>::ctype(unsigned long)
0 21
fn=std::enable_if<std::chrono::__is_duration<std::chrono::duration<double, std::ratio<1l, 1000l> > >::value, std::chrono::duration<double, std::ratio<1l, 1000l> > >::type std::chrono::duration_cast<std::chrono::duration<double, std::ratio<1l, 1000l> >, long, std::ratio<1l, 1000000000l> >(std::chrono::duration<long, std::ratio<1l, 1000000000l> > const&)
0 160
fn=std::error_category::error_category()
0 10
fn=std::error_category::~error_category()
0 4
fn=std::fixed(std::ios_base&)
0 13
fn=std::future_category()
0 3
fn=std::ios_base::Init::Init()
0 272
fn=std::ios_base::Init::~Init()
0 25
fn=std::ios_base::_M_init()
0 224
fn=std::ios_base::ios_base()
0 480
fn=std::ios_base::setf(std::_Ios_Fmtflags, std::_Ios_Fmtflags)
0 33
fn=std::locale::_Impl::_Impl(unsigned long)
0 673
fn=std::locale::_Impl::_M_install_facet(std::locale::id const*, std::locale::facet const*)
0 12192
fn=std::locale::facet::_S_create_c_locale(__locale_struct*&, char const*, __locale_struct*)
0 14
fn=std::locale::facet::_S_get_c_locale()
0 465
fn=std::locale::facet::_S_get_c_name()
0 21
fn=std::locale::id::_M_id() const
0 1194
fn=std::locale::locale()
0 484
fn=std::locale::locale(std::locale::_Impl*)
0 3
fn=std::locale::operator=(std::locale const&)
0 184
fn=std::locale::~locale()
0 96
fn=std::lock_guard<std::mutex>::lock_guard(std::mutex&)
0 256
fn=std::lock_guard<std::mutex>::~lock_guard()
0 192
fn=std::messages<char>::messages(unsigned long)
0 21
fn=std::messages<wchar_t>::messages(unsigned long)
0 21
fn=std::moneypunct<char, false>::_M_initialize_moneypunct(__locale_struct*, char const*)
0 114
fn=std::moneypunct<char, true>::_M_initialize_moneypunct(__locale_struct*, char const*)
0 115
fn=std::moneypunct<wchar_t, false>::_M_initialize_moneypunct(__locale_struct*, char const*)
0 109
fn=std::moneypunct<wchar_t, true>::_M_initialize_moneypunct(__locale_struct*, char const*)
0 109
fn=std::mutex::lock()
0 224
fn=std::mutex::unlock()
0 176
fn=std::num_put<char, std::ostreambuf_iterator<char, std::char_traits<char> > >::do_put(std::ostreambuf_iterator<char, std::char_traits<char> >, std::ios_base&, char, double) const
0 68
fn=std::num_put<char, std::ostreambuf_iterator<char, std::char_traits<char> > >::do_put(std::ostreambuf_iterator<char, std::char_traits<char> >, std::ios_base&, char, long) const
0 9
fn=std::num_put<char, std::ostreambuf_iterator<char, std::char_traits<char> > >::do_put(std::ostreambuf_iterator<char, std::char_traits<char> >, std::ios_base&, char, unsigned long) const
0 12
fn=std::numpunct<char>::_M_initialize_numpunct(__locale_struct*)
0 417
fn=std::numpunct<wchar_t>::_M_initialize_numpunct(__locale_struct*)
0 353
fn=std::operator&(std::_Ios_Fmtflags, std::_Ios_Fmtflags)
0 18
fn=std::operator&(std::memory_order, std::__memory_order_modifier)
0 320
fn=std::operator&=(std::_Ios_Fmtflags&, std::_Ios_Fmtflags)
0 17
fn=std::operator==(std::thread::id, std::thread::id)
0 176
fn=std::operator|(std::_Ios_Fmtflags, std::_Ios_Fmtflags)
0 9
fn=std::operator|=(std::_Ios_Fmtflags&, std::_Ios_Fmtflags)
0 17
fn=std::operator~(std::_Ios_Fmtflags)
0 8
fn=std::ostream& std::ostream::_M_insert<double>(double)
0 986
fn=std::ostream& std::ostream::_M_insert<long>(long)
0 195
fn=std::ostream& std::ostream::_M_insert<unsigned long>(unsigned long)
0 232
fn=std::ostream::flush()
0 174
fn=std::ostream::operator<<(double)
0 34
fn=std::ostream::operator<<(int)
0 22
fn=std::ostream::operator<<(long)
0 2
fn=std::ostream::operator<<(std::ios_base& (*)(std::ios_base&))
0 14
fn=std::ostream::operator<<(unsigned long)
0 8
fn=std::ostream::put(char)
0 176
fn=std::ostream::sentry::sentry(std::ostream&)
0 1681
fn=std::ostreambuf_iterator<char, std::char_traits<char> > std::num_put<char, std::ostreambuf_iterator<char, std::char_traits<char> > >::_M_insert_float<double>(std::ostreambuf_iterator<char, std::char_traits<char> >, std::ios_base&, char, char, double) const
0 2499
fn=std::ostreambuf_iterator<char, std::char_traits<char> > std::num_put<char, std::ostreambuf_iterator<char, std::char_traits<char> > >::_M_insert_int<long>(std::ostreambuf_iterator<char, std::char_traits<char> >, std::ios_base&, char, long) const
0 276
fn=std::ostreambuf_iterator<char, std::char_traits<char> > std::num_put<char, std::ostreambuf_iterator<char, std::char_traits<char> > >::_M_insert_int<unsigned long>(std::ostreambuf_iterator<char, std::char_traits<char> >, std::ios_base&, char, unsigned long) const
0 352
fn=std::remove_reference<std::tuple<void (*)()>&>::type&& std::move<std::tuple<void (*)()>&>(std::tuple<void (*)()>&)
0 112
fn=std::setprecision(int)
0 7
fn=std::thread::_Invoker<std::tuple<void (*)()> >::_Invoker<void (&)()>(void (&)())
0 416
fn=std::thread::_Invoker<std::tuple<void (*)()> >::operator()()
0 176
fn=std::thread::_M_start_thread(std::unique_ptr<std::thread::_State, std::default_delete<std::thread::_State> >, void (*)())
0 256
fn=std::thread::_State*& std::__get_helper<0ul, std::thread::_State*, std::default_delete<std::thread::_State> >(std::_Tuple_impl<0ul, std::thread::_State*, std::default_delete<std::thread::_State> >&)
0 320
fn=std::thread::_State::_State()
0 160
fn=std::thread::_State::~_State()
0 32
fn=std::thread::_State_impl<std::thread::_Invoker<std::tuple<void (*)()> > >::_M_run()
0 192
fn=std::thread::_State_impl<std::thread::_Invoker<std::tuple<void (*)()> > >::_State_impl<void (&)()>(void (&)())
0 400
fn=std::thread::_State_impl<std::thread::_Invoker<std::tuple<void (*)()> > >::~_State_impl()
0 448
fn=std::thread::id::id()
0 288
fn=std::thread::join()
0 272
fn=std::thread::joinable() const
0 368
fn=std::thread::thread<void (&)(), , void>(void (&)())
0 784
fn=std::thread::~thread()
0 208
fn=std::tuple<std::thread::_State*, std::default_delete<std::thread::_State> >::tuple<true, true>()
0 176
fn=std::tuple<void (*)()>::tuple<true, true>(void (* const&)())
0 224
fn=std::tuple_element<0ul, std::tuple<std::thread::_State*, std::default_delete<std::thread::_State> > >::type& std::get<0ul, std::thread::_State*, std::default_delete<std::thread::_State> >(std::tuple<std::thread::_State*, std::default_delete<std::thread::_State> >&)
0 320
fn=std::tuple_element<0ul, std::tuple<void (*)()> >::type&& std::get<0ul, void (*)()>(std::tuple<void (*)()>&&)
0 192
fn=std::uncaught_exception()
0 18
fn=std::unique_ptr<std::thread::_State, std::default_delete<std::thread::_State> >::unique_ptr<std::default_delete<std::thread::_State>, void>(std::thread::_State*)
0 224
fn=std::unique_ptr<std::thread::_State, std::default_delete<std::thread::_State> >::~unique_ptr()
0 320
fn=void (&std::forward<void (&)()>(std::remove_reference<void (&)()>::type&))()
0 336
fn=void (*&&std::forward<void (*)()>(std::remove_reference<void (*)()>::type&))()
0 336
fn=void (*&std::__get_helper<0ul, void (*)()>(std::_Tuple_impl<0ul, void (*)()>&))()
0 160
fn=void oneCacheLinerThread<false>()
0 360000280
fn=void oneCacheLinerThread<true>()
0 360000280
fn=void std::__invoke_impl<void, void (*)()>(std::__invoke_other, void (*&&)())
0 208
fn=void std::thread::_Invoker<std::tuple<void (*)()> >::_M_invoke<0ul>(std::_Index_tuple<0ul>)
0 240
fn=void twoCacheLinerThread<false>()
0 360000280
fn=void twoCacheLinerThread<true>()
0 360000280
summary: 1442071814
